0	2.41821e-05
0.05	2.41821e-05
0.1	2.41821e-05
0.15	2.41821e-05
0.2	2.41821e-05
0.25	2.41821e-05
0.3	2.41821e-05
0.35	2.41821e-05
0.4	2.41821e-05
0.45	2.41821e-05
0.5	2.41821e-05
0.55	2.41821e-05
0.6	2.41821e-05
0.65	2.41821e-05
0.7	2.41821e-05
0.75	2.41821e-05
0.8	2.41821e-05
0.85	2.41821e-05
0.9	2.41821e-05
0.95	2.41821e-05
1	2.41821e-05
1.05	2.41821e-05
1.1	2.41821e-05
1.15	2.41821e-05
1.2	2.41821e-05
1.25	2.41821e-05
1.3	2.41821e-05
1.35	2.41821e-05
1.4	2.41821e-05
1.45	2.41821e-05
1.5	2.41821e-05
1.55	2.41821e-05
1.6	2.41821e-05
1.65	2.41821e-05
1.7	2.41821e-05
1.75	2.41821e-05
1.8	2.41821e-05
1.85	2.41821e-05
1.9	2.41821e-05
1.95	2.41821e-05
2	2.41821e-05
2.05	2.41821e-05
2.1	2.41821e-05
2.15	2.41821e-05
2.2	2.41821e-05
2.25	2.41821e-05
2.3	2.41821e-05
2.35	2.41821e-05
2.4	2.41821e-05
2.45	2.41821e-05
2.5	2.41821e-05
2.55	2.41821e-05
2.6	2.41821e-05
2.65	2.41821e-05
2.7	2.41821e-05
2.75	2.41821e-05
2.8	2.41821e-05
2.85	2.41821e-05
2.9	2.41821e-05
2.95	2.41821e-05
3	2.41821e-05
3.05	2.41821e-05
3.1	2.41821e-05
3.15	2.41821e-05
3.2	2.41821e-05
3.25	2.41821e-05
3.3	2.41821e-05
3.35	2.41821e-05
3.4	2.41821e-05
3.45	2.41821e-05
3.5	2.41821e-05
3.55	2.41821e-05
3.6	2.41821e-05
3.65	2.41821e-05
3.7	2.41821e-05
3.75	2.41821e-05
3.8	2.41821e-05
3.85	2.41821e-05
3.9	2.41821e-05
3.95	2.41821e-05
4	2.41821e-05
4.05	2.41821e-05
4.1	2.41821e-05
4.15	2.41821e-05
4.2	2.41821e-05
4.25	2.41821e-05
4.3	2.41821e-05
4.35	2.41821e-05
4.4	2.41821e-05
4.45	2.41821e-05
4.5	2.41821e-05
4.55	2.41821e-05
4.6	2.41821e-05
4.65	2.41821e-05
4.7	2.41821e-05
4.75	2.41821e-05
4.8	2.41821e-05
4.85	2.41821e-05
4.9	2.41821e-05
4.95	2.41821e-05
5	2.41821e-05
5.05	2.41821e-05
5.1	2.41821e-05
5.15	2.41821e-05
5.2	2.41821e-05
5.25	2.41821e-05
5.3	2.41821e-05
5.35	2.41821e-05
5.4	2.41821e-05
5.45	2.41821e-05
5.5	2.41821e-05
5.55	2.41821e-05
5.6	2.41821e-05
5.65	2.41821e-05
5.7	2.41821e-05
5.75	2.41821e-05
5.8	2.41821e-05
5.85	2.41821e-05
5.9	2.41821e-05
5.95	2.41821e-05
6	2.41821e-05
6.05	2.41821e-05
6.1	2.41821e-05
6.15	2.41821e-05
6.2	2.41821e-05
6.25	2.41821e-05
6.3	2.41821e-05
6.35	2.41821e-05
6.4	2.41821e-05
6.45	2.41821e-05
6.5	2.41821e-05
6.55	2.41821e-05
6.6	2.41821e-05
6.65	2.41821e-05
6.7	2.41821e-05
6.75	2.41821e-05
6.8	2.41821e-05
6.85	2.41821e-05
6.9	2.41821e-05
6.95	2.41821e-05
7	2.41821e-05
7.05	2.41821e-05
7.1	2.41821e-05
7.15	2.41821e-05
7.2	2.41821e-05
7.25	2.41821e-05
7.3	2.41821e-05
7.35	2.41821e-05
7.4	2.41821e-05
7.45	2.41821e-05
7.5	2.41821e-05
7.55	2.41821e-05
7.6	2.41821e-05
7.65	2.41821e-05
7.7	2.41821e-05
7.75	2.41821e-05
7.8	2.41821e-05
7.85	2.41821e-05
7.9	2.41821e-05
7.95	2.41821e-05
8	2.41821e-05
8.05	2.41821e-05
8.1	2.41821e-05
8.15	2.41821e-05
8.2	2.41821e-05
8.25	2.41821e-05
8.3	2.41821e-05
8.35	2.41821e-05
8.4	2.41821e-05
8.45	2.41821e-05
8.5	2.41821e-05
8.55	2.41821e-05
8.6	2.41821e-05
8.65	2.41821e-05
8.7	2.41821e-05
8.75	2.41821e-05
8.8	2.41821e-05
8.85	2.41821e-05
8.9	2.41821e-05
8.95	2.41821e-05
9	2.41821e-05
9.05	2.41821e-05
9.1	2.41821e-05
9.15	2.41821e-05
9.2	2.41821e-05
9.25	2.41821e-05
9.3	2.41821e-05
9.35	2.41821e-05
9.4	2.41821e-05
9.45	2.41821e-05
9.5	2.41821e-05
9.55	2.41821e-05
9.6	2.41821e-05
9.65	2.41821e-05
9.7	2.41821e-05
9.75	2.41821e-05
9.8	2.41821e-05
9.85	2.41821e-05
9.9	2.41821e-05
9.95	2.41821e-05
10	2.41821e-05
10.05	2.41821e-05
10.1	2.41821e-05
10.15	2.41821e-05
10.2	2.41821e-05
10.25	2.41821e-05
10.3	2.41821e-05
10.35	2.41821e-05
10.4	2.41821e-05
10.45	2.41821e-05
10.5	2.41821e-05
10.55	2.41821e-05
10.6	2.41821e-05
10.65	2.41821e-05
10.7	2.41821e-05
10.75	2.41821e-05
10.8	2.41821e-05
10.85	2.41821e-05
10.9	2.41821e-05
10.95	2.41821e-05
11	2.41821e-05
11.05	2.41821e-05
11.1	2.41821e-05
11.15	2.41821e-05
11.2	2.41821e-05
11.25	2.41821e-05
11.3	2.41821e-05
11.35	2.41821e-05
11.4	2.41821e-05
11.45	2.41821e-05
11.5	2.41821e-05
11.55	2.41821e-05
11.6	2.41821e-05
11.65	2.41821e-05
11.7	2.41821e-05
11.75	2.41821e-05
11.8	2.41821e-05
11.85	2.41821e-05
11.9	2.41821e-05
11.95	2.41821e-05
12	2.41821e-05
12.05	2.41821e-05
12.1	2.41821e-05
12.15	2.41821e-05
12.2	2.41821e-05
12.25	2.41821e-05
12.3	2.41821e-05
12.35	2.41821e-05
12.4	2.41821e-05
12.45	2.41821e-05
12.5	2.41821e-05
12.55	2.41821e-05
12.6	2.41821e-05
12.65	2.41821e-05
12.7	2.41821e-05
12.75	2.41821e-05
12.8	2.41821e-05
12.85	2.41821e-05
12.9	2.41821e-05
12.95	2.41821e-05
13	2.41821e-05
13.05	2.41821e-05
13.1	2.41821e-05
13.15	2.41821e-05
13.2	2.41821e-05
13.25	2.41821e-05
13.3	2.41821e-05
13.35	2.41821e-05
13.4	2.41821e-05
13.45	2.41821e-05
13.5	2.41821e-05
13.55	2.41821e-05
13.6	2.41821e-05
13.65	2.41821e-05
13.7	2.41821e-05
13.75	2.41821e-05
13.8	2.41821e-05
13.85	2.41821e-05
13.9	2.41821e-05
13.95	2.41821e-05
14	2.41821e-05
14.05	2.41821e-05
14.1	2.41821e-05
14.15	2.41821e-05
14.2	2.41821e-05
14.25	2.41821e-05
14.3	2.41821e-05
14.35	2.41821e-05
14.4	2.41821e-05
14.45	2.41821e-05
14.5	2.41821e-05
14.55	2.41821e-05
14.6	2.41821e-05
14.65	2.41821e-05
14.7	2.41821e-05
14.75	2.41821e-05
14.8	2.41821e-05
14.85	2.41821e-05
14.9	2.41821e-05
14.95	2.41821e-05
15	2.41821e-05
15.05	2.41821e-05
15.1	2.41821e-05
15.15	2.41821e-05
15.2	2.41821e-05
15.25	2.41821e-05
15.3	2.41821e-05
15.35	2.41821e-05
15.4	2.41821e-05
15.45	2.41821e-05
15.5	2.41821e-05
15.55	2.41821e-05
15.6	2.41821e-05
15.65	2.41821e-05
15.7	2.41821e-05
15.75	2.41821e-05
15.8	2.41821e-05
15.85	2.41821e-05
15.9	2.41821e-05
15.95	2.41821e-05
16	2.41821e-05
16.05	2.41821e-05
16.1	2.41821e-05
16.15	2.41821e-05
16.2	2.41821e-05
16.25	2.41821e-05
16.3	2.41821e-05
16.35	2.41821e-05
16.4	2.41821e-05
16.45	2.41821e-05
16.5	2.41821e-05
16.55	2.41821e-05
16.6	2.41821e-05
16.65	2.41821e-05
16.7	2.41821e-05
16.75	2.41821e-05
16.8	2.41821e-05
16.85	2.41821e-05
16.9	2.41821e-05
16.95	2.41821e-05
17	2.41821e-05
17.05	2.41821e-05
17.1	2.41821e-05
17.15	2.41821e-05
17.2	2.41821e-05
17.25	2.41821e-05
17.3	2.41821e-05
17.35	2.41821e-05
17.4	2.41821e-05
17.45	2.41821e-05
17.5	2.41821e-05
17.55	2.41821e-05
17.6	2.41821e-05
17.65	2.41821e-05
17.7	2.41821e-05
17.75	2.41821e-05
17.8	2.41821e-05
17.85	2.41821e-05
17.9	2.41821e-05
17.95	2.41821e-05
18	2.41821e-05
18.05	2.41821e-05
18.1	2.41821e-05
18.15	2.41821e-05
18.2	2.41821e-05
18.25	2.41821e-05
18.3	2.41821e-05
18.35	2.41821e-05
18.4	2.41821e-05
18.45	2.41821e-05
18.5	2.41821e-05
18.55	2.41821e-05
18.6	2.41821e-05
18.65	2.41821e-05
18.7	2.41821e-05
18.75	2.41821e-05
18.8	2.41821e-05
18.85	2.41821e-05
18.9	2.41821e-05
18.95	2.41821e-05
19	2.41821e-05
19.05	2.41821e-05
19.1	2.41821e-05
19.15	2.41821e-05
19.2	2.41821e-05
19.25	2.41821e-05
19.3	2.41821e-05
19.35	2.41821e-05
19.4	2.41821e-05
19.45	2.41821e-05
19.5	2.41821e-05
19.55	2.41821e-05
19.6	2.41821e-05
19.65	2.41821e-05
19.7	2.41821e-05
19.75	2.41821e-05
19.8	2.41821e-05
19.85	2.41821e-05
19.9	2.41821e-05
19.95	2.41821e-05
20	2.41821e-05
20.05	2.41821e-05
20.1	2.41821e-05
20.15	2.41821e-05
20.2	2.41821e-05
20.25	2.41821e-05
20.3	2.41821e-05
20.35	2.41821e-05
20.4	2.41821e-05
20.45	2.41821e-05
20.5	2.41821e-05
20.55	2.41821e-05
20.6	2.41821e-05
20.65	2.41821e-05
20.7	2.41821e-05
20.75	2.41821e-05
20.8	2.41821e-05
20.85	2.41821e-05
20.9	2.41821e-05
20.95	2.41821e-05
21	2.41821e-05
21.05	2.41821e-05
21.1	2.41821e-05
21.15	2.41821e-05
21.2	2.41821e-05
21.25	2.41821e-05
21.3	2.41821e-05
21.35	2.41821e-05
21.4	2.41821e-05
21.45	2.41821e-05
21.5	2.41821e-05
21.55	2.41821e-05
21.6	2.41821e-05
21.65	2.41821e-05
21.7	2.41821e-05
21.75	2.41821e-05
21.8	2.41821e-05
21.85	2.41821e-05
21.9	2.41821e-05
21.95	2.41821e-05
22	2.41821e-05
22.05	2.41821e-05
22.1	2.41821e-05
22.15	2.41821e-05
22.2	2.41821e-05
22.25	2.41821e-05
22.3	2.41821e-05
22.35	2.41821e-05
22.4	2.41821e-05
22.45	2.41821e-05
22.5	2.41821e-05
22.55	2.41821e-05
22.6	2.41821e-05
22.65	2.41821e-05
22.7	2.41821e-05
22.75	2.41821e-05
22.8	2.41821e-05
22.85	2.41821e-05
22.9	2.41821e-05
22.95	2.41821e-05
23	2.41821e-05
23.05	2.41821e-05
23.1	2.41821e-05
23.15	2.41821e-05
23.2	2.41821e-05
23.25	2.41821e-05
23.3	2.41821e-05
23.35	2.41821e-05
23.4	2.41821e-05
23.45	2.41821e-05
23.5	2.41821e-05
23.55	2.41821e-05
23.6	2.41821e-05
23.65	2.41821e-05
23.7	2.41821e-05
23.75	2.41821e-05
23.8	2.41821e-05
23.85	2.41821e-05
23.9	2.41821e-05
23.95	2.41821e-05
24	2.41821e-05
24.05	2.41821e-05
24.1	2.41821e-05
24.15	2.41821e-05
24.2	2.41821e-05
24.25	2.41821e-05
24.3	2.41821e-05
24.35	2.41821e-05
24.4	2.41821e-05
24.45	2.41821e-05
24.5	2.41821e-05
24.55	2.41821e-05
24.6	2.41821e-05
24.65	2.41821e-05
24.7	2.41821e-05
24.75	2.41821e-05
24.8	2.41821e-05
24.85	2.41821e-05
24.9	2.41821e-05
24.95	2.41821e-05
25	2.41821e-05
25.05	2.41821e-05
25.1	2.41821e-05
25.15	2.41821e-05
25.2	2.41821e-05
25.25	2.41821e-05
25.3	2.41821e-05
25.35	2.41821e-05
25.4	2.41821e-05
25.45	2.41821e-05
25.5	2.41821e-05
25.55	2.41821e-05
25.6	2.41821e-05
25.65	2.41821e-05
25.7	2.41821e-05
25.75	2.41821e-05
25.8	2.41821e-05
25.85	2.41821e-05
25.9	2.41821e-05
25.95	2.41821e-05
26	2.41821e-05
26.05	2.41821e-05
26.1	2.41821e-05
26.15	2.41821e-05
26.2	2.41821e-05
26.25	2.41821e-05
26.3	2.41821e-05
26.35	2.41821e-05
26.4	2.41821e-05
26.45	2.41821e-05
26.5	2.41821e-05
26.55	2.41821e-05
26.6	2.41821e-05
26.65	2.41821e-05
26.7	2.41821e-05
26.75	2.41821e-05
26.8	2.41821e-05
26.85	2.41821e-05
26.9	2.41821e-05
26.95	2.41821e-05
27	2.41821e-05
27.05	2.41821e-05
27.1	2.41821e-05
27.15	2.41821e-05
27.2	2.41821e-05
27.25	2.41821e-05
27.3	2.41821e-05
27.35	2.41821e-05
27.4	2.41821e-05
27.45	2.41821e-05
27.5	2.41821e-05
27.55	2.41821e-05
27.6	2.41821e-05
27.65	2.41821e-05
27.7	2.41821e-05
27.75	2.41821e-05
27.8	2.41821e-05
27.85	2.41821e-05
27.9	2.41821e-05
27.95	2.41821e-05
28	2.41821e-05
28.05	2.41821e-05
28.1	2.41821e-05
28.15	2.41821e-05
28.2	2.41821e-05
28.25	2.41821e-05
28.3	2.41821e-05
28.35	2.41821e-05
28.4	2.41821e-05
28.45	2.41821e-05
28.5	2.41821e-05
28.55	2.41821e-05
28.6	2.41821e-05
28.65	2.41821e-05
28.7	2.41821e-05
28.75	2.41821e-05
28.8	2.41821e-05
28.85	2.41821e-05
28.9	2.41821e-05
28.95	2.41821e-05
29	2.41821e-05
29.05	2.41821e-05
29.1	2.41821e-05
29.15	2.41821e-05
29.2	2.41821e-05
29.25	2.41821e-05
29.3	2.41821e-05
29.35	2.41821e-05
29.4	2.41821e-05
29.45	2.41821e-05
29.5	2.41821e-05
29.55	2.41821e-05
29.6	2.41821e-05
29.65	2.41821e-05
29.7	2.41821e-05
29.75	2.41821e-05
29.8	2.41821e-05
29.85	2.41821e-05
29.9	2.41821e-05
29.95	2.41821e-05
30	2.41821e-05
30.05	2.41821e-05
30.1	2.41821e-05
30.15	2.41821e-05
30.2	2.41821e-05
30.25	2.41821e-05
30.3	2.41821e-05
30.35	2.41821e-05
30.4	2.41821e-05
30.45	2.41821e-05
30.5	2.41821e-05
30.55	2.41821e-05
30.6	2.41821e-05
30.65	2.41821e-05
30.7	2.41821e-05
30.75	2.41821e-05
30.8	2.41821e-05
30.85	2.41821e-05
30.9	2.41821e-05
30.95	2.41821e-05
31	2.41821e-05
31.05	2.41821e-05
31.1	2.41821e-05
31.15	2.41821e-05
31.2	2.41821e-05
31.25	2.41821e-05
31.3	2.41821e-05
31.35	2.41821e-05
31.4	2.41821e-05
31.45	2.41821e-05
31.5	2.41821e-05
31.55	2.41821e-05
31.6	2.41821e-05
31.65	2.41821e-05
31.7	2.41821e-05
31.75	2.41821e-05
31.8	2.41821e-05
31.85	2.41821e-05
31.9	2.41821e-05
31.95	2.41821e-05
32	2.41821e-05
32.05	2.41821e-05
32.1	2.41821e-05
32.15	2.41821e-05
32.2	2.41821e-05
32.25	2.41821e-05
32.3	2.41821e-05
32.35	2.41821e-05
32.4	2.41821e-05
32.45	2.41821e-05
32.5	2.41821e-05
32.55	2.41821e-05
32.6	2.41821e-05
32.65	2.41821e-05
32.7	2.41821e-05
32.75	2.41821e-05
32.8	2.41821e-05
32.85	2.41821e-05
32.9	2.41821e-05
32.95	2.41821e-05
33	2.41821e-05
33.05	2.41821e-05
33.1	2.41821e-05
33.15	2.41821e-05
33.2	2.41821e-05
33.25	2.41821e-05
33.3	2.41821e-05
33.35	2.41821e-05
33.4	2.41821e-05
33.45	2.41821e-05
33.5	2.41821e-05
33.55	2.41821e-05
33.6	2.41821e-05
33.65	2.41821e-05
33.7	2.41821e-05
33.75	2.41821e-05
33.8	2.41821e-05
33.85	2.41821e-05
33.9	2.41821e-05
33.95	2.41821e-05
34	2.41821e-05
34.05	2.41821e-05
34.1	2.41821e-05
34.15	2.41821e-05
34.2	2.41821e-05
34.25	2.41821e-05
34.3	2.41821e-05
34.35	2.41821e-05
34.4	2.41821e-05
34.45	2.41821e-05
34.5	2.41821e-05
34.55	2.41821e-05
34.6	2.41821e-05
34.65	2.41821e-05
34.7	2.41821e-05
34.75	2.41821e-05
34.8	2.41821e-05
34.85	2.41821e-05
34.9	2.41821e-05
34.95	2.41821e-05
35	2.41821e-05
35.05	2.41821e-05
35.1	2.41821e-05
35.15	2.41821e-05
35.2	2.41821e-05
35.25	2.41821e-05
35.3	2.41821e-05
35.35	2.41821e-05
35.4	2.41821e-05
35.45	2.41821e-05
35.5	2.41821e-05
35.55	2.41821e-05
35.6	2.41821e-05
35.65	2.41821e-05
35.7	2.41821e-05
35.75	2.41821e-05
35.8	2.41821e-05
35.85	2.41821e-05
35.9	2.41821e-05
35.95	2.41821e-05
36	2.41821e-05
36.05	2.41821e-05
36.1	2.41821e-05
36.15	2.41821e-05
36.2	2.41821e-05
36.25	2.41821e-05
36.3	2.41821e-05
36.35	2.41821e-05
36.4	2.41821e-05
36.45	2.41821e-05
36.5	2.41821e-05
36.55	2.41821e-05
36.6	2.41821e-05
36.65	2.41821e-05
36.7	2.41821e-05
36.75	2.41821e-05
36.8	2.41821e-05
36.85	2.41821e-05
36.9	2.41821e-05
36.95	2.41821e-05
37	2.41821e-05
37.05	2.41821e-05
37.1	2.41821e-05
37.15	2.41821e-05
37.2	2.41821e-05
37.25	2.41821e-05
37.3	2.41821e-05
37.35	2.41821e-05
37.4	2.41821e-05
37.45	2.41821e-05
37.5	2.41821e-05
37.55	2.41821e-05
37.6	2.41821e-05
37.65	2.41821e-05
37.7	2.41821e-05
37.75	2.41821e-05
37.8	2.41821e-05
37.85	2.41821e-05
37.9	2.41821e-05
37.95	2.41821e-05
38	2.41821e-05
38.05	2.41821e-05
38.1	2.41821e-05
38.15	2.41821e-05
38.2	2.41821e-05
38.25	2.41821e-05
38.3	2.41821e-05
38.35	2.41821e-05
38.4	2.41821e-05
38.45	2.41821e-05
38.5	2.41821e-05
38.55	2.41821e-05
38.6	2.41821e-05
38.65	2.41821e-05
38.7	2.41821e-05
38.75	2.41821e-05
38.8	2.41821e-05
38.85	2.41821e-05
38.9	2.41821e-05
38.95	2.41821e-05
39	2.41821e-05
39.05	2.41821e-05
39.1	2.41821e-05
39.15	2.41821e-05
39.2	2.41821e-05
39.25	2.41821e-05
39.3	2.41821e-05
39.35	2.41821e-05
39.4	2.41821e-05
39.45	2.41821e-05
39.5	2.41821e-05
39.55	2.41821e-05
39.6	2.41821e-05
39.65	2.41821e-05
39.7	2.41821e-05
39.75	2.41821e-05
39.8	2.41821e-05
39.85	2.41821e-05
39.9	2.41821e-05
39.95	2.41821e-05
40	2.41821e-05
40.05	2.41821e-05
40.1	2.41821e-05
40.15	2.41821e-05
40.2	2.41821e-05
40.25	2.41821e-05
40.3	2.41821e-05
40.35	2.41821e-05
40.4	2.41821e-05
40.45	2.41821e-05
40.5	2.41821e-05
40.55	2.41821e-05
40.6	2.41821e-05
40.65	2.41821e-05
40.7	2.41821e-05
40.75	2.41821e-05
40.8	2.41821e-05
40.85	2.41821e-05
40.9	2.41821e-05
40.95	2.41821e-05
41	2.41821e-05
41.05	2.41821e-05
41.1	2.41821e-05
41.15	2.41821e-05
41.2	2.41821e-05
41.25	2.41821e-05
41.3	2.41821e-05
41.35	2.41821e-05
41.4	2.41821e-05
41.45	2.41821e-05
41.5	2.41821e-05
41.55	2.41821e-05
41.6	2.41821e-05
41.65	2.41821e-05
41.7	2.41821e-05
41.75	2.41821e-05
41.8	2.41821e-05
41.85	2.41821e-05
41.9	2.41821e-05
41.95	2.41821e-05
42	2.41821e-05
42.05	2.41821e-05
42.1	2.41821e-05
42.15	2.41821e-05
42.2	2.41821e-05
42.25	2.41821e-05
42.3	2.41821e-05
42.35	2.41821e-05
42.4	2.41821e-05
42.45	2.41821e-05
42.5	2.41821e-05
42.55	2.41821e-05
42.6	2.41821e-05
42.65	2.41821e-05
42.7	2.41821e-05
42.75	2.41821e-05
42.8	2.41821e-05
42.85	2.41821e-05
42.9	2.41821e-05
42.95	2.41821e-05
43	2.41821e-05
43.05	2.41821e-05
43.1	2.41821e-05
43.15	2.41821e-05
43.2	2.41821e-05
43.25	2.41821e-05
43.3	2.41821e-05
43.35	2.41821e-05
43.4	2.41821e-05
43.45	2.41821e-05
43.5	2.41821e-05
43.55	2.41821e-05
43.6	2.41821e-05
43.65	2.41821e-05
43.7	2.41821e-05
43.75	2.41821e-05
43.8	2.41821e-05
43.85	2.41821e-05
43.9	2.41821e-05
43.95	2.41821e-05
44	2.41821e-05
44.05	2.41821e-05
44.1	2.41821e-05
44.15	2.41821e-05
44.2	2.41821e-05
44.25	2.41821e-05
44.3	2.41821e-05
44.35	2.41821e-05
44.4	2.41821e-05
44.45	2.41821e-05
44.5	2.41821e-05
44.55	2.41821e-05
44.6	2.41821e-05
44.65	2.41821e-05
44.7	2.41821e-05
44.75	2.41821e-05
44.8	2.41821e-05
44.85	2.41821e-05
44.9	2.41821e-05
44.95	2.41821e-05
45	2.41821e-05
45.05	2.41821e-05
45.1	2.41821e-05
45.15	2.41821e-05
45.2	2.41821e-05
45.25	2.41821e-05
45.3	2.41821e-05
45.35	2.41821e-05
45.4	2.41821e-05
45.45	2.41821e-05
45.5	2.41821e-05
45.55	2.41821e-05
45.6	2.41821e-05
45.65	2.41821e-05
45.7	2.41821e-05
45.75	2.41821e-05
45.8	2.41821e-05
45.85	2.41821e-05
45.9	2.41821e-05
45.95	2.41821e-05
46	2.41821e-05
46.05	2.41821e-05
46.1	2.41821e-05
46.15	2.41821e-05
46.2	2.41821e-05
46.25	2.41821e-05
46.3	2.41821e-05
46.35	2.41821e-05
46.4	2.41821e-05
46.45	2.41821e-05
46.5	2.41821e-05
46.55	2.41821e-05
46.6	2.41821e-05
46.65	2.41821e-05
46.7	2.41821e-05
46.75	2.41821e-05
46.8	2.41821e-05
46.85	2.41821e-05
46.9	2.41821e-05
46.95	2.41821e-05
47	2.41821e-05
47.05	2.41821e-05
47.1	2.41821e-05
47.15	2.41821e-05
47.2	2.41821e-05
47.25	2.41821e-05
47.3	2.41821e-05
47.35	2.41821e-05
47.4	2.41821e-05
47.45	2.41821e-05
47.5	2.41821e-05
47.55	2.41821e-05
47.6	2.41821e-05
47.65	2.41821e-05
47.7	2.41821e-05
47.75	2.41821e-05
47.8	2.41821e-05
47.85	2.41821e-05
47.9	2.41821e-05
47.95	2.41821e-05
48	2.41821e-05
48.05	2.41821e-05
48.1	2.41821e-05
48.15	2.41821e-05
48.2	2.41821e-05
48.25	2.41821e-05
48.3	2.41821e-05
48.35	2.41821e-05
48.4	2.41821e-05
48.45	2.41821e-05
48.5	2.41821e-05
48.55	2.41821e-05
48.6	2.41821e-05
48.65	2.41821e-05
48.7	2.41821e-05
48.75	2.41821e-05
48.8	2.41821e-05
48.85	2.41821e-05
48.9	2.41821e-05
48.95	2.41821e-05
49	2.41821e-05
49.05	2.41821e-05
49.1	2.41821e-05
49.15	2.41821e-05
49.2	2.41821e-05
49.25	2.41821e-05
49.3	2.41821e-05
49.35	2.41821e-05
49.4	2.41821e-05
49.45	2.41821e-05
49.5	2.41821e-05
49.55	2.41821e-05
49.6	2.41821e-05
49.65	2.41821e-05
49.7	2.41821e-05
49.75	2.41821e-05
49.8	2.41821e-05
49.85	2.41821e-05
49.9	2.41821e-05
49.95	2.41821e-05
50	2.41821e-05
50.05	2.41821e-05
50.1	2.41821e-05
50.15	2.41821e-05
50.2	2.41821e-05
50.25	2.41821e-05
50.3	2.41821e-05
50.35	2.41821e-05
50.4	2.41821e-05
50.45	2.41821e-05
50.5	2.41821e-05
50.55	2.41821e-05
50.6	2.41821e-05
50.65	2.41821e-05
50.7	2.41821e-05
50.75	2.41821e-05
50.8	2.41821e-05
50.85	2.41821e-05
50.9	2.41821e-05
50.95	2.41821e-05
51	2.41821e-05
51.05	2.41821e-05
51.1	2.41821e-05
51.15	2.41821e-05
51.2	2.41821e-05
51.25	2.41821e-05
51.3	2.41821e-05
51.35	2.41821e-05
51.4	2.41821e-05
51.45	2.41821e-05
51.5	2.41821e-05
51.55	2.41821e-05
51.6	2.41821e-05
51.65	2.41821e-05
51.7	2.41821e-05
51.75	2.41821e-05
51.8	2.41821e-05
51.85	2.41821e-05
51.9	2.41821e-05
51.95	2.41821e-05
52	2.41821e-05
52.05	2.41821e-05
52.1	2.41821e-05
52.15	2.41821e-05
52.2	2.41821e-05
52.25	2.41821e-05
52.3	2.41821e-05
52.35	2.41821e-05
52.4	2.41821e-05
52.45	2.41821e-05
52.5	2.41821e-05
52.55	2.41821e-05
52.6	2.41821e-05
52.65	2.41821e-05
52.7	2.41821e-05
52.75	2.41821e-05
52.8	2.41821e-05
52.85	2.41821e-05
52.9	2.41821e-05
52.95	2.41821e-05
53	2.41821e-05
53.05	2.41821e-05
53.1	2.41821e-05
53.15	2.41821e-05
53.2	2.41821e-05
53.25	2.41821e-05
53.3	2.41821e-05
53.35	2.41821e-05
53.4	2.41821e-05
53.45	2.41821e-05
53.5	2.41821e-05
53.55	2.41821e-05
53.6	2.41821e-05
53.65	2.41821e-05
53.7	2.41821e-05
53.75	2.41821e-05
53.8	2.41821e-05
53.85	2.41821e-05
53.9	2.41821e-05
53.95	2.41821e-05
54	2.41821e-05
54.05	2.41821e-05
54.1	2.41821e-05
54.15	2.41821e-05
54.2	2.41821e-05
54.25	2.41821e-05
54.3	2.41821e-05
54.35	2.41821e-05
54.4	2.41821e-05
54.45	2.41821e-05
54.5	2.41821e-05
54.55	2.41821e-05
54.6	2.41821e-05
54.65	2.41821e-05
54.7	2.41821e-05
54.75	2.41821e-05
54.8	2.41821e-05
54.85	2.41821e-05
54.9	2.41821e-05
54.95	2.41821e-05
55	2.41821e-05
55.05	2.41821e-05
55.1	2.41821e-05
55.15	2.41821e-05
55.2	2.41821e-05
55.25	2.41821e-05
55.3	2.41821e-05
55.35	2.41821e-05
55.4	2.41821e-05
55.45	2.41821e-05
55.5	2.41821e-05
55.55	2.41821e-05
55.6	2.41821e-05
55.65	2.41821e-05
55.7	2.41821e-05
55.75	2.41821e-05
55.8	2.41821e-05
55.85	2.41821e-05
55.9	2.41821e-05
55.95	2.41821e-05
56	2.41821e-05
56.05	2.41821e-05
56.1	2.41821e-05
56.15	2.41821e-05
56.2	2.41821e-05
56.25	2.41821e-05
56.3	2.41821e-05
56.35	2.41821e-05
56.4	2.41821e-05
56.45	2.41821e-05
56.5	2.41821e-05
56.55	2.41821e-05
56.6	2.41821e-05
56.65	2.41821e-05
56.7	2.41821e-05
56.75	2.41821e-05
56.8	2.41821e-05
56.85	2.41821e-05
56.9	2.41821e-05
56.95	2.41821e-05
57	2.41821e-05
57.05	2.41821e-05
57.1	2.41821e-05
57.15	2.41821e-05
57.2	2.41821e-05
57.25	2.41821e-05
57.3	2.41821e-05
57.35	2.41821e-05
57.4	2.41821e-05
57.45	2.41821e-05
57.5	2.41821e-05
57.55	2.41821e-05
57.6	2.41821e-05
57.65	2.41821e-05
57.7	2.41821e-05
57.75	2.41821e-05
57.8	2.41821e-05
57.85	2.41821e-05
57.9	2.41821e-05
57.95	2.41821e-05
58	2.41821e-05
58.05	2.41821e-05
58.1	2.41821e-05
58.15	2.41821e-05
58.2	2.41821e-05
58.25	2.41821e-05
58.3	2.41821e-05
58.35	2.41821e-05
58.4	2.41821e-05
58.45	2.41821e-05
58.5	2.41821e-05
58.55	2.41821e-05
58.6	2.41821e-05
58.65	2.41821e-05
58.7	2.41821e-05
58.75	2.41821e-05
58.8	2.41821e-05
58.85	2.41821e-05
58.9	2.41821e-05
58.95	2.41821e-05
59	2.41821e-05
59.05	2.41821e-05
59.1	2.41821e-05
59.15	2.41821e-05
59.2	2.41821e-05
59.25	2.41821e-05
59.3	2.41821e-05
59.35	2.41821e-05
59.4	2.41821e-05
59.45	2.41821e-05
59.5	2.41821e-05
59.55	2.41821e-05
59.6	2.41821e-05
59.65	2.41821e-05
59.7	2.41821e-05
59.75	2.41821e-05
59.8	2.41821e-05
59.85	2.41821e-05
59.9	2.41821e-05
59.95	2.41821e-05
60	2.41821e-05
60.05	2.41821e-05
60.1	2.41821e-05
60.15	2.41821e-05
60.2	2.41821e-05
60.25	2.41821e-05
60.3	2.41821e-05
60.35	2.41821e-05
60.4	2.41821e-05
60.45	2.41821e-05
60.5	2.41821e-05
60.55	2.41821e-05
60.6	2.41821e-05
60.65	2.41821e-05
60.7	2.41821e-05
60.75	2.41821e-05
60.8	2.41821e-05
60.85	2.41821e-05
60.9	2.41821e-05
60.95	2.41821e-05
61	2.41821e-05
61.05	2.41821e-05
61.1	2.41821e-05
61.15	2.41821e-05
61.2	2.41821e-05
61.25	2.41821e-05
61.3	2.41821e-05
61.35	2.41821e-05
61.4	2.41821e-05
61.45	2.41821e-05
61.5	2.41821e-05
61.55	2.41821e-05
61.6	2.41821e-05
61.65	2.41821e-05
61.7	2.41821e-05
61.75	2.41821e-05
61.8	2.41821e-05
61.85	2.41821e-05
61.9	2.41821e-05
61.95	2.41821e-05
62	2.41821e-05
62.05	2.41821e-05
62.1	2.41821e-05
62.15	2.41821e-05
62.2	2.41821e-05
62.25	2.41821e-05
62.3	2.41821e-05
62.35	2.41821e-05
62.4	2.41821e-05
62.45	2.41821e-05
62.5	2.41821e-05
62.55	2.41821e-05
62.6	2.41821e-05
62.65	2.41821e-05
62.7	2.41821e-05
62.75	2.41821e-05
62.8	2.41821e-05
62.85	2.41821e-05
62.9	2.41821e-05
62.95	2.41821e-05
63	2.41821e-05
63.05	2.41821e-05
63.1	2.41821e-05
63.15	2.41821e-05
63.2	2.41821e-05
63.25	2.41821e-05
63.3	2.41821e-05
63.35	2.41821e-05
63.4	2.41821e-05
63.45	2.41821e-05
63.5	2.41821e-05
63.55	2.41821e-05
63.6	2.41821e-05
63.65	2.41821e-05
63.7	2.41821e-05
63.75	2.41821e-05
63.8	2.41821e-05
63.85	2.41821e-05
63.9	2.41821e-05
63.95	2.41821e-05
64	2.41821e-05
64.05	2.41821e-05
64.1	2.41821e-05
64.15	2.41821e-05
64.2	2.41821e-05
64.25	2.41821e-05
64.3	2.41821e-05
64.35	2.41821e-05
64.4	2.41821e-05
64.45	2.41821e-05
64.5	2.41821e-05
64.55	2.41821e-05
64.6	2.41821e-05
64.65	2.41821e-05
64.7	2.41821e-05
64.75	2.41821e-05
64.8	2.41821e-05
64.85	2.41821e-05
64.9	2.41821e-05
64.95	2.41821e-05
65	2.41821e-05
65.05	2.41821e-05
65.1	2.41821e-05
65.15	2.41821e-05
65.2	2.41821e-05
65.25	2.41821e-05
65.3	2.41821e-05
65.35	2.41821e-05
65.4	2.41821e-05
65.45	2.41821e-05
65.5	2.41821e-05
65.55	2.41821e-05
65.6	2.41821e-05
65.65	2.41821e-05
65.7	2.41821e-05
65.75	2.41821e-05
65.8	2.41821e-05
65.85	2.41821e-05
65.9	2.41821e-05
65.95	2.41821e-05
66	2.41821e-05
66.05	2.41821e-05
66.1	2.41821e-05
66.15	2.41821e-05
66.2	2.41821e-05
66.25	2.41821e-05
66.3	2.41821e-05
66.35	2.41821e-05
66.4	2.41821e-05
66.45	2.41821e-05
66.5	2.41821e-05
66.55	2.41821e-05
66.6	2.41821e-05
66.65	2.41821e-05
66.7	2.41821e-05
66.75	2.41821e-05
66.8	2.41821e-05
66.85	2.41821e-05
66.9	2.41821e-05
66.95	2.41821e-05
67	2.41821e-05
67.05	2.41821e-05
67.1	2.41821e-05
67.15	2.41821e-05
67.2	2.41821e-05
67.25	2.41821e-05
67.3	2.41821e-05
67.35	2.41821e-05
67.4	2.41821e-05
67.45	2.41821e-05
67.5	2.41821e-05
67.55	2.41821e-05
67.6	2.41821e-05
67.65	2.41821e-05
67.7	2.41821e-05
67.75	2.41821e-05
67.8	2.41821e-05
67.85	2.41821e-05
67.9	2.41821e-05
67.95	2.41821e-05
68	2.41821e-05
68.05	2.41821e-05
68.1	2.41821e-05
68.15	2.41821e-05
68.2	2.41821e-05
68.25	2.41821e-05
68.3	2.41821e-05
68.35	2.41821e-05
68.4	2.41821e-05
68.45	2.41821e-05
68.5	2.41821e-05
68.55	2.41821e-05
68.6	2.41821e-05
68.65	2.41821e-05
68.7	2.41821e-05
68.75	2.41821e-05
68.8	2.41821e-05
68.85	2.41821e-05
68.9	2.41821e-05
68.95	2.41821e-05
69	2.41821e-05
69.05	2.41821e-05
69.1	2.41821e-05
69.15	2.41821e-05
69.2	2.41821e-05
69.25	2.41821e-05
69.3	2.41821e-05
69.35	2.41821e-05
69.4	2.41821e-05
69.45	2.41821e-05
69.5	2.41821e-05
69.55	2.41821e-05
69.6	2.41821e-05
69.65	2.41821e-05
69.7	2.41821e-05
69.75	2.41821e-05
69.8	2.41821e-05
69.85	2.41821e-05
69.9	2.41821e-05
69.95	2.41821e-05
70	2.41821e-05
70.05	2.41821e-05
70.1	2.41821e-05
70.15	2.41821e-05
70.2	2.41821e-05
70.25	2.41821e-05
70.3	2.41821e-05
70.35	2.41821e-05
70.4	2.41821e-05
70.45	2.41821e-05
70.5	2.41821e-05
70.55	2.41821e-05
70.6	2.41821e-05
70.65	2.41821e-05
70.7	2.41821e-05
70.75	2.41821e-05
70.8	2.41821e-05
70.85	2.41821e-05
70.9	2.41821e-05
70.95	2.41821e-05
71	2.41821e-05
71.05	2.41821e-05
71.1	2.41821e-05
71.15	2.41821e-05
71.2	2.41821e-05
71.25	2.41821e-05
71.3	2.41821e-05
71.35	2.41821e-05
71.4	2.41821e-05
71.45	2.41821e-05
71.5	2.41821e-05
71.55	2.41821e-05
71.6	2.41821e-05
71.65	2.41821e-05
71.7	2.41821e-05
71.75	2.41821e-05
71.8	2.41821e-05
71.85	2.41821e-05
71.9	2.41821e-05
71.95	2.41821e-05
72	2.41821e-05
72.05	2.41821e-05
72.1	2.41821e-05
72.15	2.41821e-05
72.2	2.41821e-05
72.25	2.41821e-05
72.3	2.41821e-05
72.35	2.41821e-05
72.4	2.41821e-05
72.45	2.41821e-05
72.5	2.41821e-05
72.55	2.41821e-05
72.6	2.41821e-05
72.65	2.41821e-05
72.7	2.41821e-05
72.75	2.41821e-05
72.8	2.41821e-05
72.85	2.41821e-05
72.9	2.41821e-05
72.95	2.41821e-05
73	2.41821e-05
73.05	2.41821e-05
73.1	2.41821e-05
73.15	2.41821e-05
73.2	2.41821e-05
73.25	2.41821e-05
73.3	2.41821e-05
73.35	2.41821e-05
73.4	2.41821e-05
73.45	2.41821e-05
73.5	2.41821e-05
73.55	2.41821e-05
73.6	2.41821e-05
73.65	2.41821e-05
73.7	2.41821e-05
73.75	2.41821e-05
73.8	2.41821e-05
73.85	2.41821e-05
73.9	2.41821e-05
73.95	2.41821e-05
74	2.41821e-05
74.05	2.41821e-05
74.1	2.41821e-05
74.15	2.41821e-05
74.2	2.41821e-05
74.25	2.41821e-05
74.3	2.41821e-05
74.35	2.41821e-05
74.4	2.41821e-05
74.45	2.41821e-05
74.5	2.41821e-05
74.55	2.41821e-05
74.6	2.41821e-05
74.65	2.41821e-05
74.7	2.41821e-05
74.75	2.41821e-05
74.8	2.41821e-05
74.85	2.41821e-05
74.9	2.41821e-05
74.95	2.41821e-05
75	2.41821e-05
75.05	2.41821e-05
75.1	2.41821e-05
75.15	2.41821e-05
75.2	2.41821e-05
75.25	2.41821e-05
75.3	2.41821e-05
75.35	2.41821e-05
75.4	2.41821e-05
75.45	2.41821e-05
75.5	2.41821e-05
75.55	2.41821e-05
75.6	2.41821e-05
75.65	2.41821e-05
75.7	2.41821e-05
75.75	2.41821e-05
75.8	2.41821e-05
75.85	2.41821e-05
75.9	2.41821e-05
75.95	2.41821e-05
76	2.41821e-05
76.05	2.41821e-05
76.1	2.41821e-05
76.15	2.41821e-05
76.2	2.41821e-05
76.25	2.41821e-05
76.3	2.41821e-05
76.35	2.41821e-05
76.4	2.41821e-05
76.45	2.41821e-05
76.5	2.41821e-05
76.55	2.41821e-05
76.6	2.41821e-05
76.65	2.41821e-05
76.7	2.41821e-05
76.75	2.41821e-05
76.8	2.41821e-05
76.85	2.41821e-05
76.9	2.41821e-05
76.95	2.41821e-05
77	2.41821e-05
77.05	2.41821e-05
77.1	2.41821e-05
77.15	2.41821e-05
77.2	2.41821e-05
77.25	2.41821e-05
77.3	2.41821e-05
77.35	2.41821e-05
77.4	2.41821e-05
77.45	2.41821e-05
77.5	2.41821e-05
77.55	2.41821e-05
77.6	2.41821e-05
77.65	2.41821e-05
77.7	2.41821e-05
77.75	2.41821e-05
77.8	2.41821e-05
77.85	2.41821e-05
77.9	2.41821e-05
77.95	2.41821e-05
78	2.41821e-05
78.05	2.41821e-05
78.1	2.41821e-05
78.15	2.41821e-05
78.2	2.41821e-05
78.25	2.41821e-05
78.3	2.41821e-05
78.35	2.41821e-05
78.4	2.41821e-05
78.45	2.41821e-05
78.5	2.41821e-05
78.55	2.41821e-05
78.6	2.41821e-05
78.65	2.41821e-05
78.7	2.41821e-05
78.75	2.41821e-05
78.8	2.41821e-05
78.85	2.41821e-05
78.9	2.41821e-05
78.95	2.41821e-05
79	2.41821e-05
79.05	2.41821e-05
79.1	2.41821e-05
79.15	2.41821e-05
79.2	2.41821e-05
79.25	2.41821e-05
79.3	2.41821e-05
79.35	2.41821e-05
79.4	2.41821e-05
79.45	2.41821e-05
79.5	2.41821e-05
79.55	2.41821e-05
79.6	2.41821e-05
79.65	2.41821e-05
79.7	2.41821e-05
79.75	2.41821e-05
79.8	2.41821e-05
79.85	2.41821e-05
79.9	2.41821e-05
79.95	0.00174778
80	0.00503812
80.05	0.00820708
80.1	0.0114414
80.15	0.0146431
80.2	0.0177888
80.25	0.0208839
80.3	0.0239571
80.35	0.0270045
80.4	0.0300363
80.45	0.0330519
80.5	0.0360536
80.55	0.0390623
80.6	0.0420625
80.65	0.0450686
80.7	0.0480703
80.75	0.0510761
80.8	0.0540975
80.85	0.0571364
80.9	0.0601763
80.95	0.063218
81	0.0662583
81.05	0.0693165
81.1	0.0723937
81.15	0.0754658
81.2	0.0785562
81.25	0.0816656
81.3	0.0847664
81.35	0.0878854
81.4	0.0910354
81.45	0.0942039
81.5	0.0973594
81.55	0.100532
81.6	0.103735
81.65	0.106955
81.7	0.110158
81.75	0.113377
81.8	0.116625
81.85	0.119898
81.9	0.123199
81.95	0.126515
82	0.129809
82.05	0.133118
82.1	0.136452
82.15	0.13981
82.2	0.143191
82.25	0.146586
82.3	0.149956
82.35	0.153339
82.4	0.156744
82.45	0.160171
82.5	0.163618
82.55	0.167086
82.6	0.170565
82.65	0.174016
82.7	0.177479
82.75	0.180962
82.8	0.184462
82.85	0.187981
82.9	0.191518
82.95	0.195071
83	0.198621
83.05	0.202199
83.1	0.20575
83.15	0.20931
83.2	0.212885
83.25	0.216476
83.3	0.220082
83.35	0.223703
83.4	0.227338
83.45	0.230987
83.5	0.234647
83.55	0.238319
83.6	0.242008
83.65	0.245708
83.7	0.249416
83.75	0.253094
83.8	0.256781
83.85	0.26048
83.9	0.26419
83.95	0.26791
84	0.271644
84.05	0.275387
84.1	0.279141
84.15	0.282905
84.2	0.286679
84.25	0.290463
84.3	0.294256
84.35	0.298057
84.4	0.301868
84.45	0.305686
84.5	0.309513
84.55	0.313348
84.6	0.31719
84.65	0.321039
84.7	0.324896
84.75	0.328759
84.8	0.332628
84.85	0.336504
84.9	0.340386
84.95	0.345041
85	0.344058
85.05	0.34088
85.1	0.336503
85.15	0.332716
85.2	0.329014
85.25	0.325453
85.3	0.322084
85.35	0.31871
85.4	0.315405
85.45	0.312145
85.5	0.308931
85.55	0.305757
85.6	0.302575
85.65	0.299421
85.7	0.29626
85.75	0.293811
85.8	0.289971
85.85	0.286796
85.9	0.283586
85.95	0.280381
86	0.277178
86.05	0.273986
86.1	0.270759
86.15	0.267493
86.2	0.264245
86.25	0.260962
86.3	0.25764
86.35	0.254344
86.4	0.251017
86.45	0.247638
86.5	0.244225
86.55	0.240848
86.6	0.237436
86.65	0.233961
86.7	0.23045
86.75	0.226985
86.8	0.223486
86.85	0.219929
86.9	0.216314
86.95	0.212643
87	0.208939
87.05	0.205293
87.1	0.201617
87.15	0.197889
87.2	0.19411
87.25	0.190282
87.3	0.186426
87.35	0.182636
87.4	0.17882
87.45	0.174958
87.5	0.171053
87.55	0.167103
87.6	0.163112
87.65	0.159102
87.7	0.155176
87.75	0.151232
87.8	0.147249
87.85	0.143228
87.9	0.13917
87.95	0.135077
88	0.130949
88.05	0.126788
88.1	0.122611
88.15	0.118481
88.2	0.114364
88.25	0.110215
88.3	0.10604
88.35	0.101849
88.4	0.0976322
88.45	0.0933797
88.5	0.089121
88.55	0.0848162
88.6	0.0804992
88.65	0.0761558
88.7	0.071818
88.75	0.0664489
88.8	0.0621657
88.85	0.0578805
88.9	0.0535763
88.95	0.0492591
89	0.0449332
89.05	0.040603
89.1	0.036247
89.15	0.0319086
89.2	0.027569
89.25	0.0232618
89.3	0.0189985
89.35	0.01483
89.4	0.0108716
89.45	0.00754998
89.5	0.00598827
89.55	0.00739088
89.6	0.0107202
89.65	0.0146729
89.7	0.0188932
89.75	0.0232722
89.8	0.0276552
89.85	0.0320961
89.9	0.0365585
89.95	0.041479
90	0.0396078
90.05	0.0380565
90.1	0.0328893
90.15	0.0312207
90.2	0.0297767
90.25	0.0283857
90.3	0.0271026
90.35	0.0258376
90.4	0.0246159
90.45	0.0234426
90.5	0.0222782
90.55	0.0243414
90.6	0.0233025
90.65	0.0221137
90.7	0.0209553
90.75	0.0197879
90.8	0.0185984
90.85	0.0143992
90.9	0.0132702
90.95	0.0122132
91	0.0111247
91.05	0.0100859
91.1	0.0090809
91.15	0.00817399
91.2	0.00736902
91.25	0.00673074
91.3	0.00634012
91.35	0.00628848
91.4	0.00653441
91.45	0.00710126
91.5	0.00787865
91.55	0.00885452
91.6	0.0100113
91.65	0.0112785
91.7	0.0126229
91.75	0.0140492
91.8	0.0155923
91.85	0.017203
91.9	0.0188898
91.95	0.0206375
92	0.0223669
92.05	0.0240784
92.1	0.0259261
92.15	0.0278383
92.2	0.0298369
92.25	0.0318655
92.3	0.0338631
92.35	0.0359047
92.4	0.0380111
92.45	0.0401752
92.5	0.0423735
92.55	0.0436178
92.6	0.0459061
92.65	0.0481713
92.7	0.0504692
92.75	0.0527981
92.8	0.0551933
92.85	0.0576259
92.9	0.0601193
92.95	0.0626663
93	0.0652193
93.05	0.0678481
93.1	0.0704549
93.15	0.0731037
93.2	0.075806
93.25	0.0785468
93.3	0.081358
93.35	0.0842446
93.4	0.0871031
93.45	0.0900372
93.5	0.0930027
93.55	0.0960424
93.6	0.0991389
93.65	0.102275
93.7	0.105488
93.75	0.109603
93.8	0.11284
93.85	0.116038
93.9	0.11926
93.95	0.122584
94	0.125914
94.05	0.12936
94.1	0.132798
94.15	0.136256
94.2	0.139807
94.25	0.143333
94.3	0.146877
94.35	0.150507
94.4	0.15228
94.45	0.156022
94.5	0.159741
94.55	0.163422
94.6	0.167234
94.65	0.170984
94.7	0.174878
94.75	0.178692
94.8	0.182597
94.85	0.186462
94.9	0.190343
94.95	0.196276
95	0.198066
95.05	0.20134
95.1	0.202435
95.15	0.204631
95.2	0.206944
95.25	0.208478
95.3	0.210997
95.35	0.213565
95.4	0.21618
95.45	0.218843
95.5	0.221568
95.55	0.224349
95.6	0.22715
95.65	0.229993
95.7	0.232869
95.75	0.236658
95.8	0.23873
95.85	0.241705
95.9	0.244662
95.95	0.247652
96	0.250773
96.05	0.253811
96.1	0.256868
96.15	0.25985
96.2	0.263016
96.25	0.266002
96.3	0.269115
96.35	0.27224
96.4	0.275352
96.45	0.278589
96.5	0.281745
96.55	0.284883
96.6	0.288026
96.65	0.291169
96.7	0.294248
96.75	0.29735
96.8	0.300442
96.85	0.303445
96.9	0.306554
96.95	0.309705
97	0.312727
97.05	0.31572
97.1	0.318689
97.15	0.321628
97.2	0.324511
97.25	0.327358
97.3	0.330289
97.35	0.333017
97.4	0.337921
97.45	0.34069
97.5	0.343416
97.55	0.346091
97.6	0.348719
97.65	0.351302
97.7	0.353847
97.75	0.356324
97.8	0.358709
97.85	0.361025
97.9	0.363325
97.95	0.365509
98	0.36764
98.05	0.369691
98.1	0.371631
98.15	0.373485
98.2	0.375266
98.25	0.376953
98.3	0.37855
98.35	0.380065
98.4	0.381493
98.45	0.382944
98.5	0.384014
98.55	0.385269
98.6	0.386281
98.65	0.387195
98.7	0.387871
98.75	0.388848
98.8	0.389508
98.85	0.390073
98.9	0.39044
98.95	0.390718
99	0.390907
99.05	0.390937
99.1	0.390879
99.15	0.390737
99.2	0.390556
99.25	0.390185
99.3	0.389779
99.35	0.387413
99.4	0.392132
99.45	0.391418
99.5	0.390638
99.55	0.389842
99.6	0.38888
99.65	0.38782
99.7	0.386644
99.75	0.385444
99.8	0.384147
99.85	0.38286
99.9	0.381533
99.95	0.380346
100	0.378697
100.05	0.376982
100.1	0.374802
100.15	0.37294
100.2	0.371149
100.25	0.369134
100.3	0.36702
100.35	0.364915
100.4	0.362782
100.45	0.360642
100.5	0.358415
100.55	0.35655
100.6	0.354155
100.65	0.35185
100.7	0.349402
100.75	0.346992
100.8	0.344506
100.85	0.341526
100.9	0.339057
100.95	0.33646
101	0.333984
101.05	0.331448
101.1	0.328894
101.15	0.326307
101.2	0.323735
101.25	0.321133
101.3	0.318481
101.35	0.315701
101.4	0.312993
101.45	0.310257
101.5	0.307509
101.55	0.304796
101.6	0.302064
101.65	0.29937
101.7	0.296627
101.75	0.293883
101.8	0.291044
101.85	0.288255
101.9	0.285458
101.95	0.282654
102	0.279902
102.05	0.277159
102.1	0.274392
102.15	0.271627
102.2	0.268812
102.25	0.266086
102.3	0.263345
102.35	0.260561
102.4	0.257752
102.45	0.254959
102.5	0.252332
102.55	0.249384
102.6	0.246798
102.65	0.244077
102.7	0.241364
102.75	0.238678
102.8	0.23601
102.85	0.233434
102.9	0.230866
102.95	0.228315
103	0.225783
103.05	0.223316
103.1	0.220917
103.15	0.218563
103.2	0.216239
103.25	0.213914
103.3	0.211646
103.35	0.209437
103.4	0.20722
103.45	0.205074
103.5	0.203001
103.55	0.201008
103.6	0.199046
103.65	0.197129
103.7	0.195223
103.75	0.19324
103.8	0.191397
103.85	0.187927
103.9	0.186383
103.95	0.184914
104	0.183485
104.05	0.182126
104.1	0.180792
104.15	0.179495
104.2	0.178272
104.25	0.177082
104.3	0.175935
104.35	0.17908
104.4	0.175464
104.45	0.174491
104.5	0.173591
104.55	0.172722
104.6	0.171952
104.65	0.171195
104.7	0.170539
104.75	0.169874
104.8	0.169305
104.85	0.168745
104.9	0.168215
104.95	0.167572
