0.1	2.41821e-05
0.2	2.41821e-05
0.3	2.41821e-05
0.4	2.41821e-05
0.5	2.41821e-05
0.6	2.41821e-05
0.7	2.41821e-05
0.8	2.41821e-05
0.9	2.41821e-05
1	2.41821e-05
1.1	2.41821e-05
1.2	2.41821e-05
1.3	2.41821e-05
1.4	2.41821e-05
1.5	2.41821e-05
1.6	2.41821e-05
1.7	2.41821e-05
1.8	2.41821e-05
1.9	2.41821e-05
2	2.41821e-05
2.1	2.41821e-05
2.2	2.41821e-05
2.3	2.41821e-05
2.4	2.41821e-05
2.5	2.41821e-05
2.6	2.41821e-05
2.7	2.41821e-05
2.8	2.41821e-05
2.9	2.41821e-05
3	2.41821e-05
3.1	2.41821e-05
3.2	2.41821e-05
3.3	2.41821e-05
3.4	2.41821e-05
3.5	2.41821e-05
3.6	2.41821e-05
3.7	2.41821e-05
3.8	2.41821e-05
3.9	2.41821e-05
4	2.41821e-05
4.1	2.41821e-05
4.2	2.41821e-05
4.3	2.41821e-05
4.4	2.41821e-05
4.5	2.41821e-05
4.6	2.41821e-05
4.7	2.41821e-05
4.8	2.41821e-05
4.9	2.41821e-05
5	2.41821e-05
5.1	2.41821e-05
5.2	2.41821e-05
5.3	2.41821e-05
5.4	2.41821e-05
5.5	2.41821e-05
5.6	2.41821e-05
5.7	2.41821e-05
5.8	2.41821e-05
5.9	2.41821e-05
6	2.41821e-05
6.1	2.41821e-05
6.2	2.41821e-05
6.3	2.41821e-05
6.4	2.41821e-05
6.5	2.41821e-05
6.6	2.41821e-05
6.7	2.41821e-05
6.8	2.41821e-05
6.9	2.41821e-05
7	2.41821e-05
7.1	2.41821e-05
7.2	2.41821e-05
7.3	2.41821e-05
7.4	2.41821e-05
7.5	2.41821e-05
7.6	2.41821e-05
7.7	2.41821e-05
7.8	2.41821e-05
7.9	2.41821e-05
8	2.41821e-05
8.1	2.41821e-05
8.2	2.41821e-05
8.3	2.41821e-05
8.4	2.41821e-05
8.5	2.41821e-05
8.6	2.41821e-05
8.7	2.41821e-05
8.8	2.41821e-05
8.9	2.41821e-05
9	2.41821e-05
9.1	2.41821e-05
9.2	2.41821e-05
9.3	2.41821e-05
9.4	2.41821e-05
9.5	2.41821e-05
9.6	2.41821e-05
9.7	2.41821e-05
9.8	2.41821e-05
9.9	2.41821e-05
10	2.41821e-05
10.1	2.41821e-05
10.2	2.41821e-05
10.3	2.41821e-05
10.4	2.41821e-05
10.5	2.41821e-05
10.6	2.41821e-05
10.7	2.41821e-05
10.8	2.41821e-05
10.9	2.41821e-05
11	2.41821e-05
11.1	2.41821e-05
11.2	2.41821e-05
11.3	2.41821e-05
11.4	2.41821e-05
11.5	2.41821e-05
11.6	2.41821e-05
11.7	2.41821e-05
11.8	2.41821e-05
11.9	2.41821e-05
12	2.41821e-05
12.1	2.41821e-05
12.2	2.41821e-05
12.3	2.41821e-05
12.4	2.41821e-05
12.5	2.41821e-05
12.6	2.41821e-05
12.7	2.41821e-05
12.8	2.41821e-05
12.9	2.41821e-05
13	2.41821e-05
13.1	2.41821e-05
13.2	2.41821e-05
13.3	2.41821e-05
13.4	2.41821e-05
13.5	2.41821e-05
13.6	2.41821e-05
13.7	2.41821e-05
13.8	2.41821e-05
13.9	2.41821e-05
14	2.41821e-05
14.1	2.41821e-05
14.2	2.41821e-05
14.3	2.41821e-05
14.4	2.41821e-05
14.5	2.41821e-05
14.6	2.41821e-05
14.7	2.41821e-05
14.8	2.41821e-05
14.9	2.41821e-05
15	2.41821e-05
15.1	2.41821e-05
15.2	2.41821e-05
15.3	2.41821e-05
15.4	2.41821e-05
15.5	2.41821e-05
15.6	2.41821e-05
15.7	2.41821e-05
15.8	2.41821e-05
15.9	2.41821e-05
16	2.41821e-05
16.1	2.41821e-05
16.2	2.41821e-05
16.3	2.41821e-05
16.4	2.41821e-05
16.5	2.41821e-05
16.6	2.41821e-05
16.7	2.41821e-05
16.8	2.41821e-05
16.9	2.41821e-05
17	2.41821e-05
17.1	2.41821e-05
17.2	2.41821e-05
17.3	2.41821e-05
17.4	2.41821e-05
17.5	2.41821e-05
17.6	2.41821e-05
17.7	2.41821e-05
17.8	2.41821e-05
17.9	2.41821e-05
18	2.41821e-05
18.1	2.41821e-05
18.2	2.41821e-05
18.3	2.41821e-05
18.4	2.41821e-05
18.5	2.41821e-05
18.6	2.41821e-05
18.7	2.41821e-05
18.8	2.41821e-05
18.9	2.41821e-05
19	2.41821e-05
19.1	2.41821e-05
19.2	2.41821e-05
19.3	2.41821e-05
19.4	2.41821e-05
19.5	2.41821e-05
19.6	2.41821e-05
19.7	2.41821e-05
19.8	2.41821e-05
19.9	2.41821e-05
20	2.41821e-05
20.1	2.41821e-05
20.2	2.41821e-05
20.3	2.41821e-05
20.4	2.41821e-05
20.5	2.41821e-05
20.6	2.41821e-05
20.7	2.41821e-05
20.8	2.41821e-05
20.9	2.41821e-05
21	2.41821e-05
21.1	2.41821e-05
21.2	2.41821e-05
21.3	2.41821e-05
21.4	2.41821e-05
21.5	2.41821e-05
21.6	2.41821e-05
21.7	2.41821e-05
21.8	2.41821e-05
21.9	2.41821e-05
22	2.41821e-05
22.1	2.41821e-05
22.2	2.41821e-05
22.3	2.41821e-05
22.4	2.41821e-05
22.5	2.41821e-05
22.6	2.41821e-05
22.7	2.41821e-05
22.8	2.41821e-05
22.9	2.41821e-05
23	2.41821e-05
23.1	2.41821e-05
23.2	2.41821e-05
23.3	2.41821e-05
23.4	2.41821e-05
23.5	2.41821e-05
23.6	2.41821e-05
23.7	2.41821e-05
23.8	2.41821e-05
23.9	2.41821e-05
24	2.41821e-05
24.1	2.41821e-05
24.2	2.41821e-05
24.3	2.41821e-05
24.4	2.41821e-05
24.5	2.41821e-05
24.6	2.41821e-05
24.7	2.41821e-05
24.8	2.41821e-05
24.9	2.41821e-05
25	2.41821e-05
25.1	2.41821e-05
25.2	2.41821e-05
25.3	2.41821e-05
25.4	2.41821e-05
25.5	2.41821e-05
25.6	2.41821e-05
25.7	2.41821e-05
25.8	2.41821e-05
25.9	2.41821e-05
26	2.41821e-05
26.1	2.41821e-05
26.2	2.41821e-05
26.3	2.41821e-05
26.4	2.41821e-05
26.5	2.41821e-05
26.6	2.41821e-05
26.7	2.41821e-05
26.8	2.41821e-05
26.9	2.41821e-05
27	2.41821e-05
27.1	2.41821e-05
27.2	2.41821e-05
27.3	2.41821e-05
27.4	2.41821e-05
27.5	2.41821e-05
27.6	2.41821e-05
27.7	2.41821e-05
27.8	2.41821e-05
27.9	2.41821e-05
28	2.41821e-05
28.1	2.41821e-05
28.2	2.41821e-05
28.3	2.41821e-05
28.4	2.41821e-05
28.5	2.41821e-05
28.6	2.41821e-05
28.7	2.41821e-05
28.8	2.41821e-05
28.9	2.41821e-05
29	2.41821e-05
29.1	2.41821e-05
29.2	2.41821e-05
29.3	2.41821e-05
29.4	2.41821e-05
29.5	2.41821e-05
29.6	2.41821e-05
29.7	2.41821e-05
29.8	2.41821e-05
29.9	2.41821e-05
30	2.41821e-05
30.1	2.41821e-05
30.2	2.41821e-05
30.3	2.41821e-05
30.4	2.41821e-05
30.5	2.41821e-05
30.6	2.41821e-05
30.7	2.41821e-05
30.8	2.41821e-05
30.9	2.41821e-05
31	2.41821e-05
31.1	2.41821e-05
31.2	2.41821e-05
31.3	2.41821e-05
31.4	2.41821e-05
31.5	2.41821e-05
31.6	2.41821e-05
31.7	2.41821e-05
31.8	2.41821e-05
31.9	2.41821e-05
32	2.41821e-05
32.1	2.41821e-05
32.2	2.41821e-05
32.3	2.41821e-05
32.4	2.41821e-05
32.5	2.41821e-05
32.6	2.41821e-05
32.7	2.41821e-05
32.8	2.41821e-05
32.9	2.41821e-05
33	2.41821e-05
33.1	2.41821e-05
33.2	2.41821e-05
33.3	2.41821e-05
33.4	2.41821e-05
33.5	2.41821e-05
33.6	2.41821e-05
33.7	2.41821e-05
33.8	2.41821e-05
33.9	2.41821e-05
34	2.41821e-05
34.1	2.41821e-05
34.2	2.41821e-05
34.3	2.41821e-05
34.4	2.41821e-05
34.5	2.41821e-05
34.6	2.41821e-05
34.7	2.41821e-05
34.8	2.41821e-05
34.9	2.41821e-05
35	2.41821e-05
35.1	2.41821e-05
35.2	2.41821e-05
35.3	2.41821e-05
35.4	2.41821e-05
35.5	2.41821e-05
35.6	2.41821e-05
35.7	2.41821e-05
35.8	2.41821e-05
35.9	2.41821e-05
36	2.41821e-05
36.1	2.41821e-05
36.2	2.41821e-05
36.3	2.41821e-05
36.4	2.41821e-05
36.5	2.41821e-05
36.6	2.41821e-05
36.7	2.41821e-05
36.8	2.41821e-05
36.9	2.41821e-05
37	2.41821e-05
37.1	2.41821e-05
37.2	2.41821e-05
37.3	2.41821e-05
37.4	2.41821e-05
37.5	2.41821e-05
37.6	2.41821e-05
37.7	2.41821e-05
37.8	2.41821e-05
37.9	2.41821e-05
38	2.41821e-05
38.1	2.41821e-05
38.2	2.41821e-05
38.3	2.41821e-05
38.4	2.41821e-05
38.5	2.41821e-05
38.6	2.41821e-05
38.7	2.41821e-05
38.8	2.41821e-05
38.9	2.41821e-05
39	2.41821e-05
39.1	2.41821e-05
39.2	2.41821e-05
39.3	2.41821e-05
39.4	2.41821e-05
39.5	2.41821e-05
39.6	2.41821e-05
39.7	2.41821e-05
39.8	2.41821e-05
39.9	2.41821e-05
40	2.41821e-05
40.1	2.41821e-05
40.2	2.41821e-05
40.3	2.41821e-05
40.4	2.41821e-05
40.5	2.41821e-05
40.6	2.41821e-05
40.7	2.41821e-05
40.8	2.41821e-05
40.9	2.41821e-05
41	2.41821e-05
41.1	2.41821e-05
41.2	2.41821e-05
41.3	2.41821e-05
41.4	2.41821e-05
41.5	2.41821e-05
41.6	2.41821e-05
41.7	2.41821e-05
41.8	2.41821e-05
41.9	2.41821e-05
42	2.41821e-05
42.1	2.41821e-05
42.2	2.41821e-05
42.3	2.41821e-05
42.4	2.41821e-05
42.5	2.41821e-05
42.6	2.41821e-05
42.7	2.41821e-05
42.8	2.41821e-05
42.9	2.41821e-05
43	2.41821e-05
43.1	2.41821e-05
43.2	2.41821e-05
43.3	2.41821e-05
43.4	2.41821e-05
43.5	2.41821e-05
43.6	2.41821e-05
43.7	2.41821e-05
43.8	2.41821e-05
43.9	2.41821e-05
44	2.41821e-05
44.1	2.41821e-05
44.2	2.41821e-05
44.3	2.41821e-05
44.4	2.41821e-05
44.5	2.41821e-05
44.6	2.41821e-05
44.7	2.41821e-05
44.8	2.41821e-05
44.9	2.41821e-05
45	2.41821e-05
45.1	2.41821e-05
45.2	2.41821e-05
45.3	2.41821e-05
45.4	2.41821e-05
45.5	2.41821e-05
45.6	2.41821e-05
45.7	2.41821e-05
45.8	2.41821e-05
45.9	2.41821e-05
46	2.41821e-05
46.1	2.41821e-05
46.2	2.41821e-05
46.3	2.41821e-05
46.4	2.41821e-05
46.5	2.41821e-05
46.6	2.41821e-05
46.7	2.41821e-05
46.8	2.41821e-05
46.9	2.41821e-05
47	2.41821e-05
47.1	2.41821e-05
47.2	2.41821e-05
47.3	2.41821e-05
47.4	2.41821e-05
47.5	2.41821e-05
47.6	2.41821e-05
47.7	2.41821e-05
47.8	2.41821e-05
47.9	2.41821e-05
48	2.41821e-05
48.1	2.41821e-05
48.2	2.41821e-05
48.3	2.41821e-05
48.4	2.41821e-05
48.5	2.41821e-05
48.6	2.41821e-05
48.7	2.41821e-05
48.8	2.41821e-05
48.9	2.41821e-05
49	2.41821e-05
49.1	2.41821e-05
49.2	2.41821e-05
49.3	2.41821e-05
49.4	2.41821e-05
49.5	2.41821e-05
49.6	2.41821e-05
49.7	2.41821e-05
49.8	2.41821e-05
49.9	2.41821e-05
50	2.41821e-05
50.1	2.41821e-05
50.2	2.41821e-05
50.3	2.41821e-05
50.4	2.41821e-05
50.5	2.41821e-05
50.6	2.41821e-05
50.7	2.41821e-05
50.8	2.41821e-05
50.9	2.41821e-05
51	2.41821e-05
51.1	2.41821e-05
51.2	2.41821e-05
51.3	2.41821e-05
51.4	2.41821e-05
51.5	2.41821e-05
51.6	2.41821e-05
51.7	2.41821e-05
51.8	2.41821e-05
51.9	2.41821e-05
52	2.41821e-05
52.1	2.41821e-05
52.2	2.41821e-05
52.3	2.41821e-05
52.4	2.41821e-05
52.5	2.41821e-05
52.6	2.41821e-05
52.7	2.41821e-05
52.8	2.41821e-05
52.9	2.41821e-05
53	2.41821e-05
53.1	2.41821e-05
53.2	2.41821e-05
53.3	2.41821e-05
53.4	2.41821e-05
53.5	2.41821e-05
53.6	2.41821e-05
53.7	2.41821e-05
53.8	2.41821e-05
53.9	2.41821e-05
54	2.41821e-05
54.1	2.41821e-05
54.2	2.41821e-05
54.3	2.41821e-05
54.4	2.41821e-05
54.5	2.41821e-05
54.6	2.41821e-05
54.7	2.41821e-05
54.8	2.41821e-05
54.9	2.41821e-05
55	2.41821e-05
55.1	2.41821e-05
55.2	2.41821e-05
55.3	2.41821e-05
55.4	2.41821e-05
55.5	2.41821e-05
55.6	2.41821e-05
55.7	2.41821e-05
55.8	2.41821e-05
55.9	2.41821e-05
56	2.41821e-05
56.1	2.41821e-05
56.2	2.41821e-05
56.3	2.41821e-05
56.4	2.41821e-05
56.5	2.41821e-05
56.6	2.41821e-05
56.7	2.41821e-05
56.8	2.41821e-05
56.9	2.41821e-05
57	2.41821e-05
57.1	2.41821e-05
57.2	2.41821e-05
57.3	2.41821e-05
57.4	2.41821e-05
57.5	2.41821e-05
57.6	2.41821e-05
57.7	2.41821e-05
57.8	2.41821e-05
57.9	2.41821e-05
58	2.41821e-05
58.1	2.41821e-05
58.2	2.41821e-05
58.3	2.41821e-05
58.4	2.41821e-05
58.5	2.41821e-05
58.6	2.41821e-05
58.7	2.41821e-05
58.8	2.41821e-05
58.9	2.41821e-05
59	2.41821e-05
59.1	2.41821e-05
59.2	2.41821e-05
59.3	2.41821e-05
59.4	2.41821e-05
59.5	2.41821e-05
59.6	2.41821e-05
59.7	2.41821e-05
59.8	2.41821e-05
59.9	2.41821e-05
60	2.41821e-05
60.1	2.41821e-05
60.2	2.41821e-05
60.3	2.41821e-05
60.4	2.41821e-05
60.5	2.41821e-05
60.6	2.41821e-05
60.7	2.41821e-05
60.8	2.41821e-05
60.9	2.41821e-05
61	2.41821e-05
61.1	2.41821e-05
61.2	2.41821e-05
61.3	2.41821e-05
61.4	2.41821e-05
61.5	2.41821e-05
61.6	2.41821e-05
61.7	2.41821e-05
61.8	2.41821e-05
61.9	2.41821e-05
62	2.41821e-05
62.1	2.41821e-05
62.2	2.41821e-05
62.3	2.41821e-05
62.4	2.41821e-05
62.5	2.41821e-05
62.6	2.41821e-05
62.7	2.41821e-05
62.8	2.41821e-05
62.9	2.41821e-05
63	2.41821e-05
63.1	2.41821e-05
63.2	2.41821e-05
63.3	2.41821e-05
63.4	2.41821e-05
63.5	2.41821e-05
63.6	2.41821e-05
63.7	2.41821e-05
63.8	2.41821e-05
63.9	2.41821e-05
64	2.41821e-05
64.1	2.41821e-05
64.2	2.41821e-05
64.3	2.41821e-05
64.4	2.41821e-05
64.5	2.41821e-05
64.6	2.41821e-05
64.7	2.41821e-05
64.8	2.41821e-05
64.9	2.41821e-05
65	2.41821e-05
65.1	2.41821e-05
65.2	2.41821e-05
65.3	2.41821e-05
65.4	2.41821e-05
65.5	2.41821e-05
65.6	2.41821e-05
65.7	2.41821e-05
65.8	2.41821e-05
65.9	2.41821e-05
66	2.41821e-05
66.1	2.41821e-05
66.2	2.41821e-05
66.3	2.41821e-05
66.4	2.41821e-05
66.5	2.41821e-05
66.6	2.41821e-05
66.7	2.41821e-05
66.8	2.41821e-05
66.9	2.41821e-05
67	2.41821e-05
67.1	2.41821e-05
67.2	2.41821e-05
67.3	2.41821e-05
67.4	2.41821e-05
67.5	2.41821e-05
67.6	2.41821e-05
67.7	2.41821e-05
67.8	2.41821e-05
67.9	2.41821e-05
68	2.41821e-05
68.1	2.41821e-05
68.2	2.41821e-05
68.3	2.41821e-05
68.4	2.41821e-05
68.5	2.41821e-05
68.6	2.41821e-05
68.7	2.41821e-05
68.8	2.41821e-05
68.9	2.41821e-05
69	2.41821e-05
69.1	2.41821e-05
69.2	2.41821e-05
69.3	2.41821e-05
69.4	2.41821e-05
69.5	2.41821e-05
69.6	2.41821e-05
69.7	2.41821e-05
69.8	2.41821e-05
69.9	2.41821e-05
70	2.41821e-05
70.1	2.41821e-05
70.2	2.41821e-05
70.3	2.41821e-05
70.4	2.41821e-05
70.5	2.41821e-05
70.6	2.41821e-05
70.7	2.41821e-05
70.8	2.41821e-05
70.9	2.41821e-05
71	2.41821e-05
71.1	2.41821e-05
71.2	2.41821e-05
71.3	2.41821e-05
71.4	2.41821e-05
71.5	2.41821e-05
71.6	2.41821e-05
71.7	2.41821e-05
71.8	2.41821e-05
71.9	2.41821e-05
72	2.41821e-05
72.1	2.41821e-05
72.2	2.41821e-05
72.3	2.41821e-05
72.4	2.41821e-05
72.5	2.41821e-05
72.6	2.41821e-05
72.7	2.41821e-05
72.8	2.41821e-05
72.9	2.41821e-05
73	2.41821e-05
73.1	2.41821e-05
73.2	2.41821e-05
73.3	2.41821e-05
73.4	2.41821e-05
73.5	2.41821e-05
73.6	2.41821e-05
73.7	2.41821e-05
73.8	2.41821e-05
73.9	2.41821e-05
74	2.41821e-05
74.1	2.41821e-05
74.2	2.41821e-05
74.3	2.41821e-05
74.4	2.41821e-05
74.5	2.41821e-05
74.6	2.41821e-05
74.7	2.41821e-05
74.8	2.41821e-05
74.9	2.41821e-05
75	2.41821e-05
75.1	2.41821e-05
75.2	2.41821e-05
75.3	2.41821e-05
75.4	2.41821e-05
75.5	2.41821e-05
75.6	2.41821e-05
75.7	2.41821e-05
75.8	2.41821e-05
75.9	2.41821e-05
76	2.41821e-05
76.1	2.41821e-05
76.2	2.41821e-05
76.3	2.41821e-05
76.4	2.41821e-05
76.5	2.41821e-05
76.6	2.41821e-05
76.7	2.41821e-05
76.8	2.41821e-05
76.9	2.41821e-05
77	2.41821e-05
77.1	2.41821e-05
77.2	2.41821e-05
77.3	2.41821e-05
77.4	2.41821e-05
77.5	2.41821e-05
77.6	2.41821e-05
77.7	2.41821e-05
77.8	2.41821e-05
77.9	2.41821e-05
78	2.41821e-05
78.1	2.41821e-05
78.2	2.41821e-05
78.3	2.41821e-05
78.4	2.41821e-05
78.5	2.41821e-05
78.6	2.41821e-05
78.7	2.41821e-05
78.8	2.41821e-05
78.9	2.41821e-05
79	2.41821e-05
79.1	2.41821e-05
79.2	2.41821e-05
79.3	2.41821e-05
79.4	2.41821e-05
79.5	2.41821e-05
79.6	2.41821e-05
79.7	2.41821e-05
79.8	2.41821e-05
79.9	2.41821e-05
80	2.41821e-05
80.1	2.41821e-05
80.2	2.41821e-05
80.3	2.41821e-05
80.4	2.41821e-05
80.5	2.41821e-05
80.6	2.41821e-05
80.7	2.41821e-05
80.8	2.41821e-05
80.9	2.41821e-05
81	2.41821e-05
81.1	2.41821e-05
81.2	2.41821e-05
81.3	2.41821e-05
81.4	2.41821e-05
81.5	2.41821e-05
81.6	2.41821e-05
81.7	2.41821e-05
81.8	2.41821e-05
81.9	2.41821e-05
82	2.41821e-05
82.1	2.41821e-05
82.2	2.41821e-05
82.3	2.41821e-05
82.4	2.41821e-05
82.5	2.41821e-05
82.6	2.41821e-05
82.7	2.41821e-05
82.8	2.41821e-05
82.9	2.41821e-05
83	2.41821e-05
83.1	2.41821e-05
83.2	2.41821e-05
83.3	2.41821e-05
83.4	2.41821e-05
83.5	2.41821e-05
83.6	2.41821e-05
83.7	2.41821e-05
83.8	2.41821e-05
83.9	2.41821e-05
84	2.41821e-05
84.1	2.41821e-05
84.2	2.41821e-05
84.3	2.41821e-05
84.4	2.41821e-05
84.5	2.41821e-05
84.6	2.41821e-05
84.7	2.41821e-05
84.8	2.41821e-05
84.9	2.41821e-05
85	2.41821e-05
85.1	2.41821e-05
85.2	2.41821e-05
85.3	2.41821e-05
85.4	2.41821e-05
85.5	2.41821e-05
85.6	2.41821e-05
85.7	2.41821e-05
85.8	2.41821e-05
85.9	2.41821e-05
86	2.41821e-05
86.1	2.41821e-05
86.2	2.41821e-05
86.3	2.41821e-05
86.4	2.41821e-05
86.5	2.41821e-05
86.6	2.41821e-05
86.7	2.41821e-05
86.8	2.41821e-05
86.9	2.41821e-05
87	2.41821e-05
87.1	2.41821e-05
87.2	2.41821e-05
87.3	2.41821e-05
87.4	2.41821e-05
87.5	2.41821e-05
87.6	2.41821e-05
87.7	2.41821e-05
87.8	2.41821e-05
87.9	2.41821e-05
88	2.41821e-05
88.1	2.41821e-05
88.2	2.41821e-05
88.3	2.41821e-05
88.4	2.41821e-05
88.5	2.41821e-05
88.6	2.41821e-05
88.7	2.41821e-05
88.8	2.41821e-05
88.9	2.41821e-05
89	2.41821e-05
89.1	2.41821e-05
89.2	2.41821e-05
89.3	2.41821e-05
89.4	2.41821e-05
89.5	2.41821e-05
89.6	2.41821e-05
89.7	2.41821e-05
89.8	2.41821e-05
89.9	2.41821e-05
90	2.41821e-05
90.1	2.41821e-05
90.2	2.41821e-05
90.3	2.41821e-05
90.4	2.41821e-05
90.5	2.41821e-05
90.6	2.41821e-05
90.7	2.41821e-05
90.8	2.41821e-05
90.9	2.41821e-05
91	2.41821e-05
91.1	2.41821e-05
91.2	2.41821e-05
91.3	2.41821e-05
91.4	2.41821e-05
91.5	2.41821e-05
91.6	2.41821e-05
91.7	2.41821e-05
91.8	2.41821e-05
91.9	2.41821e-05
92	2.41821e-05
92.1	2.41821e-05
92.2	2.41821e-05
92.3	2.41821e-05
92.4	2.41821e-05
92.5	2.41821e-05
92.6	2.41821e-05
92.7	2.41821e-05
92.8	2.41821e-05
92.9	2.41821e-05
93	2.41821e-05
93.1	2.41821e-05
93.2	2.41821e-05
93.3	2.41821e-05
93.4	2.41821e-05
93.5	2.41821e-05
93.6	2.41821e-05
93.7	2.41821e-05
93.8	2.41821e-05
93.9	2.41821e-05
94	2.41821e-05
94.1	2.41821e-05
94.2	2.41821e-05
94.3	2.41821e-05
94.4	2.41821e-05
94.5	2.41821e-05
94.6	2.41821e-05
94.7	2.41821e-05
94.8	2.41821e-05
94.9	2.41821e-05
95	2.41821e-05
95.1	2.41821e-05
95.2	2.41821e-05
95.3	2.41821e-05
95.4	2.41821e-05
95.5	2.41821e-05
95.6	2.41821e-05
95.7	2.41821e-05
95.8	2.41821e-05
95.9	2.41821e-05
96	2.41821e-05
96.1	2.41821e-05
96.2	2.41821e-05
96.3	2.41821e-05
96.4	2.41821e-05
96.5	2.41821e-05
96.6	2.41821e-05
96.7	2.41821e-05
96.8	2.41821e-05
96.9	2.41821e-05
97	2.41821e-05
97.1	2.41821e-05
97.2	2.41821e-05
97.3	2.41821e-05
97.4	2.41821e-05
97.5	2.41821e-05
97.6	2.41821e-05
97.7	2.41821e-05
97.8	2.41821e-05
97.9	2.41821e-05
98	2.41821e-05
98.1	2.41821e-05
98.2	2.41821e-05
98.3	2.41821e-05
98.4	2.41821e-05
98.5	2.41821e-05
98.6	2.41821e-05
98.7	2.41821e-05
98.8	2.41821e-05
98.9	2.41821e-05
99	2.41821e-05
99.1	2.41821e-05
99.2	2.41821e-05
99.3	2.41821e-05
99.4	2.41821e-05
99.5	2.41821e-05
99.6	2.41821e-05
99.7	2.41821e-05
99.8	2.41821e-05
99.9	2.41821e-05
100	2.41821e-05
100.1	2.41821e-05
100.2	2.41821e-05
100.3	2.41821e-05
100.4	2.41821e-05
100.5	2.41821e-05
100.6	2.41821e-05
100.7	2.41821e-05
100.8	2.41821e-05
100.9	2.41821e-05
101	2.41821e-05
101.1	2.41821e-05
101.2	2.41821e-05
101.3	2.41821e-05
101.4	2.41821e-05
101.5	2.41821e-05
101.6	2.41821e-05
101.7	2.41821e-05
101.8	2.41821e-05
101.9	2.41821e-05
102	2.41821e-05
102.1	2.41821e-05
102.2	2.41821e-05
102.3	2.41821e-05
102.4	2.41821e-05
102.5	2.41821e-05
102.6	2.41821e-05
102.7	2.41821e-05
102.8	2.41821e-05
102.9	2.41821e-05
103	2.41821e-05
103.1	2.41821e-05
103.2	2.41821e-05
103.3	2.41821e-05
103.4	2.41821e-05
103.5	2.41821e-05
103.6	2.41821e-05
103.7	2.41821e-05
103.8	2.41821e-05
103.9	2.41821e-05
104	2.41821e-05
104.1	2.41821e-05
104.2	2.41821e-05
104.3	2.41821e-05
104.4	2.41821e-05
104.5	2.41821e-05
104.6	2.41821e-05
104.7	2.41821e-05
104.8	2.41821e-05
104.9	2.41821e-05
105	2.41821e-05
105.1	2.41821e-05
105.2	2.41821e-05
105.3	2.41821e-05
105.4	2.41821e-05
105.5	2.41821e-05
105.6	2.41821e-05
105.7	2.41821e-05
105.8	2.41821e-05
105.9	2.41821e-05
106	2.41821e-05
106.1	2.41821e-05
106.2	2.41821e-05
106.3	2.41821e-05
106.4	2.41821e-05
106.5	2.41821e-05
106.6	2.41821e-05
106.7	2.41821e-05
106.8	2.41821e-05
106.9	2.41821e-05
107	2.41821e-05
107.1	2.41821e-05
107.2	2.41821e-05
107.3	2.41821e-05
107.4	2.41821e-05
107.5	2.41821e-05
107.6	2.41821e-05
107.7	2.41821e-05
107.8	2.41821e-05
107.9	2.41821e-05
108	2.41821e-05
108.1	2.41821e-05
108.2	2.41821e-05
108.3	2.41821e-05
108.4	2.41821e-05
108.5	2.41821e-05
108.6	2.41821e-05
108.7	2.41821e-05
108.8	2.41821e-05
108.9	2.41821e-05
109	2.41821e-05
109.1	2.41821e-05
109.2	2.41821e-05
109.3	2.41821e-05
109.4	2.41821e-05
109.5	2.41821e-05
109.6	2.41821e-05
109.7	2.41821e-05
109.8	2.41821e-05
109.9	2.41821e-05
110	2.41821e-05
110.1	2.41821e-05
110.2	2.41821e-05
110.3	2.41821e-05
110.4	2.41821e-05
110.5	2.41821e-05
110.6	2.41821e-05
110.7	2.41821e-05
110.8	2.41821e-05
110.9	2.41821e-05
111	2.41821e-05
111.1	2.41821e-05
111.2	2.41821e-05
111.3	2.41821e-05
111.4	2.41821e-05
111.5	2.41821e-05
111.6	2.41821e-05
111.7	2.41821e-05
111.8	2.41821e-05
111.9	2.41821e-05
112	2.41821e-05
112.1	2.41821e-05
112.2	2.41821e-05
112.3	2.41821e-05
112.4	2.41821e-05
112.5	2.41821e-05
112.6	2.41821e-05
112.7	2.41821e-05
112.8	2.41821e-05
112.9	2.41821e-05
113	2.41821e-05
113.1	2.41821e-05
113.2	2.41821e-05
113.3	2.41821e-05
113.4	2.41821e-05
113.5	2.41821e-05
113.6	2.41821e-05
113.7	2.41821e-05
113.8	2.41821e-05
113.9	2.41821e-05
114	2.41821e-05
114.1	2.41821e-05
114.2	2.41821e-05
114.3	2.41821e-05
114.4	2.41821e-05
114.5	2.41821e-05
114.6	2.41821e-05
114.7	2.41821e-05
114.8	2.41821e-05
114.9	2.41821e-05
115	2.41821e-05
115.1	2.41821e-05
115.2	2.41821e-05
115.3	2.41821e-05
115.4	2.41821e-05
115.5	2.41821e-05
115.6	2.41821e-05
115.7	2.41821e-05
115.8	2.41821e-05
115.9	2.41821e-05
116	2.41821e-05
116.1	2.41821e-05
116.2	2.41821e-05
116.3	2.41821e-05
116.4	2.41821e-05
116.5	2.41821e-05
116.6	2.41821e-05
116.7	2.41821e-05
116.8	2.41821e-05
116.9	2.41821e-05
117	2.41821e-05
117.1	2.41821e-05
117.2	2.41821e-05
117.3	2.41821e-05
117.4	2.41821e-05
117.5	2.41821e-05
117.6	2.41821e-05
117.7	2.41821e-05
117.8	2.41821e-05
117.9	2.41821e-05
118	2.41821e-05
118.1	2.41821e-05
118.2	2.41821e-05
118.3	2.41821e-05
118.4	2.41821e-05
118.5	2.41821e-05
118.6	2.41821e-05
118.7	2.41821e-05
118.8	2.41821e-05
118.9	2.41821e-05
119	2.41821e-05
119.1	2.41821e-05
119.2	2.41821e-05
119.3	2.41821e-05
119.4	2.41821e-05
119.5	2.41821e-05
119.6	2.41821e-05
119.7	2.41821e-05
119.8	2.41821e-05
119.9	2.41821e-05
120	2.41821e-05
120.1	2.41821e-05
120.2	2.41821e-05
120.3	2.41821e-05
120.4	2.41821e-05
120.5	2.41821e-05
120.6	2.41821e-05
120.7	2.41821e-05
120.8	2.41821e-05
120.9	2.41821e-05
121	2.41821e-05
121.1	2.41821e-05
121.2	2.41821e-05
121.3	2.41821e-05
121.4	2.41821e-05
121.5	2.41821e-05
121.6	2.41821e-05
121.7	2.41821e-05
121.8	2.41821e-05
121.9	2.41821e-05
122	2.41821e-05
122.1	2.41821e-05
122.2	2.41821e-05
122.3	2.41821e-05
122.4	2.41821e-05
122.5	2.41821e-05
122.6	2.41821e-05
122.7	2.41821e-05
122.8	2.41821e-05
122.9	2.41821e-05
123	2.41821e-05
123.1	2.41821e-05
123.2	2.41821e-05
123.3	2.41821e-05
123.4	2.41821e-05
123.5	2.41821e-05
123.6	2.41821e-05
123.7	2.41821e-05
123.8	2.41821e-05
123.9	2.41821e-05
124	2.41821e-05
124.1	2.41821e-05
124.2	2.41821e-05
124.3	2.41821e-05
124.4	2.41821e-05
124.5	2.41821e-05
124.6	2.41821e-05
124.7	2.41821e-05
124.8	2.41821e-05
124.9	2.41821e-05
125	2.41821e-05
125.1	2.41821e-05
125.2	2.41821e-05
125.3	2.41821e-05
125.4	2.41821e-05
125.5	2.41821e-05
125.6	2.41821e-05
125.7	2.41821e-05
125.8	2.41821e-05
125.9	2.41821e-05
126	2.41821e-05
126.1	2.41821e-05
126.2	2.41821e-05
126.3	2.41821e-05
126.4	2.41821e-05
126.5	2.41821e-05
126.6	2.41821e-05
126.7	2.41821e-05
126.8	2.41821e-05
126.9	2.41821e-05
127	2.41821e-05
127.1	2.41821e-05
127.2	2.41821e-05
127.3	2.41821e-05
127.4	2.41821e-05
127.5	2.41821e-05
127.6	2.41821e-05
127.7	2.41821e-05
127.8	2.41821e-05
127.9	2.41821e-05
128	2.41821e-05
128.1	2.41821e-05
128.2	2.41821e-05
128.3	2.41821e-05
128.4	2.41821e-05
128.5	2.41821e-05
128.6	2.41821e-05
128.7	2.41821e-05
128.8	2.41821e-05
128.9	2.41821e-05
129	2.41821e-05
129.1	2.41821e-05
129.2	2.41821e-05
129.3	2.41821e-05
129.4	2.41821e-05
129.5	2.41821e-05
129.6	2.41821e-05
129.7	2.41821e-05
129.8	2.41821e-05
129.9	2.41821e-05
130	2.41821e-05
130.1	2.41821e-05
130.2	2.41821e-05
130.3	2.41821e-05
130.4	2.41821e-05
130.5	2.41821e-05
130.6	2.41821e-05
130.7	2.41821e-05
130.8	2.41821e-05
130.9	2.41821e-05
131	2.41821e-05
131.1	2.41821e-05
131.2	2.41821e-05
131.3	2.41821e-05
131.4	2.41821e-05
131.5	2.41821e-05
131.6	2.41821e-05
131.7	2.41821e-05
131.8	2.41821e-05
131.9	2.41821e-05
132	2.41821e-05
132.1	2.41821e-05
132.2	2.41821e-05
132.3	2.41821e-05
132.4	2.41821e-05
132.5	2.41821e-05
132.6	2.41821e-05
132.7	2.41821e-05
132.8	2.41821e-05
132.9	2.41821e-05
133	2.41821e-05
133.1	2.41821e-05
133.2	2.41821e-05
133.3	2.41821e-05
133.4	2.41821e-05
133.5	2.41821e-05
133.6	2.41821e-05
133.7	2.41821e-05
133.8	2.41821e-05
133.9	2.41821e-05
134	2.41821e-05
134.1	2.41821e-05
134.2	2.41821e-05
134.3	2.41821e-05
134.4	2.41821e-05
134.5	2.41821e-05
134.6	2.41821e-05
134.7	2.41821e-05
134.8	2.41821e-05
134.9	2.41821e-05
135	2.41821e-05
135.1	2.41821e-05
135.2	2.41821e-05
135.3	2.41821e-05
135.4	2.41821e-05
135.5	2.41821e-05
135.6	2.41821e-05
135.7	2.41821e-05
135.8	2.41821e-05
135.9	2.41821e-05
136	2.41821e-05
136.1	2.41821e-05
136.2	2.41821e-05
136.3	2.41821e-05
136.4	2.41821e-05
136.5	2.41821e-05
136.6	2.41821e-05
136.7	2.41821e-05
136.8	2.41821e-05
136.9	2.41821e-05
137	2.41821e-05
137.1	2.41821e-05
137.2	2.41821e-05
137.3	2.41821e-05
137.4	2.41821e-05
137.5	2.41821e-05
137.6	2.41821e-05
137.7	2.41821e-05
137.8	2.41821e-05
137.9	2.41821e-05
138	2.41821e-05
138.1	2.41821e-05
138.2	2.41821e-05
138.3	2.41821e-05
138.4	2.41821e-05
138.5	2.41821e-05
138.6	2.41821e-05
138.7	2.41821e-05
138.8	2.41821e-05
138.9	2.41821e-05
139	2.41821e-05
139.1	2.41821e-05
139.2	2.41821e-05
139.3	2.41821e-05
139.4	2.41821e-05
139.5	2.41821e-05
139.6	2.41821e-05
139.7	2.41821e-05
139.8	2.41821e-05
139.9	2.41821e-05
140	2.41821e-05
140.1	2.41821e-05
140.2	2.41821e-05
140.3	2.41821e-05
140.4	2.41821e-05
140.5	2.41821e-05
140.6	2.41821e-05
140.7	2.41821e-05
140.8	2.41821e-05
140.9	2.41821e-05
141	2.41821e-05
141.1	2.41821e-05
141.2	2.41821e-05
141.3	2.41821e-05
141.4	2.41821e-05
141.5	2.41821e-05
141.6	2.41821e-05
141.7	2.41821e-05
141.8	2.41821e-05
141.9	2.41821e-05
142	2.41821e-05
142.1	2.41821e-05
142.2	2.41821e-05
142.3	2.41821e-05
142.4	2.41821e-05
142.5	2.41821e-05
142.6	2.41821e-05
142.7	2.41821e-05
142.8	2.41821e-05
142.9	2.41821e-05
143	2.41821e-05
143.1	2.41821e-05
143.2	2.41821e-05
143.3	2.41821e-05
143.4	2.41821e-05
143.5	2.41821e-05
143.6	2.41821e-05
143.7	2.41821e-05
143.8	2.41821e-05
143.9	2.41821e-05
144	2.41821e-05
144.1	2.41821e-05
144.2	2.41821e-05
144.3	2.41821e-05
144.4	2.41821e-05
144.5	2.41821e-05
144.6	2.41821e-05
144.7	2.41821e-05
144.8	2.41821e-05
144.9	2.41821e-05
145	2.41821e-05
145.1	2.41821e-05
145.2	2.41821e-05
145.3	2.41821e-05
145.4	2.41821e-05
145.5	2.41821e-05
145.6	2.41821e-05
145.7	2.41821e-05
145.8	2.41821e-05
145.9	2.41821e-05
146	2.41821e-05
146.1	2.41821e-05
146.2	2.41821e-05
146.3	2.41821e-05
146.4	2.41821e-05
146.5	2.41821e-05
146.6	2.41821e-05
146.7	2.41821e-05
146.8	2.41821e-05
146.9	2.41821e-05
147	2.41821e-05
147.1	2.41821e-05
147.2	2.41821e-05
147.3	2.41821e-05
147.4	2.41821e-05
147.5	2.41821e-05
147.6	2.41821e-05
147.7	2.41821e-05
147.8	2.41821e-05
147.9	2.41821e-05
148	2.41821e-05
148.1	2.41821e-05
148.2	2.41821e-05
148.3	2.41821e-05
148.4	2.41821e-05
148.5	2.41821e-05
148.6	2.41821e-05
148.7	2.41821e-05
148.8	2.41821e-05
148.9	2.41821e-05
149	2.41821e-05
149.1	2.41821e-05
149.2	2.41821e-05
149.3	2.41821e-05
149.4	2.41821e-05
149.5	2.41821e-05
149.6	2.41821e-05
149.7	2.41821e-05
149.8	2.41821e-05
149.9	2.41821e-05
150	2.41821e-05
150.1	2.41821e-05
150.2	2.41821e-05
150.3	2.41821e-05
150.4	2.41821e-05
150.5	2.41821e-05
150.6	2.41821e-05
150.7	2.41821e-05
150.8	2.41821e-05
150.9	2.41821e-05
151	2.41821e-05
151.1	2.41821e-05
151.2	2.41821e-05
151.3	2.41821e-05
151.4	2.41821e-05
151.5	2.41821e-05
151.6	2.41821e-05
151.7	2.41821e-05
151.8	2.41821e-05
151.9	2.41821e-05
152	2.41821e-05
152.1	2.41821e-05
152.2	2.41821e-05
152.3	2.41821e-05
152.4	2.41821e-05
152.5	2.41821e-05
152.6	2.41821e-05
152.7	2.41821e-05
152.8	2.41821e-05
152.9	2.41821e-05
153	2.41821e-05
153.1	2.41821e-05
153.2	2.41821e-05
153.3	2.41821e-05
153.4	2.41821e-05
153.5	2.41821e-05
153.6	2.41821e-05
153.7	2.41821e-05
153.8	2.41821e-05
153.9	2.41821e-05
154	2.41821e-05
154.1	2.41821e-05
154.2	2.41821e-05
154.3	2.41821e-05
154.4	2.41821e-05
154.5	2.41821e-05
154.6	2.41821e-05
154.7	2.41821e-05
154.8	2.41821e-05
154.9	2.41821e-05
155	2.41821e-05
155.1	2.41821e-05
155.2	2.41821e-05
155.3	2.41821e-05
155.4	2.41821e-05
155.5	2.41821e-05
155.6	2.41821e-05
155.7	2.41821e-05
155.8	2.41821e-05
155.9	2.41821e-05
156	2.41821e-05
156.1	2.41821e-05
156.2	2.41821e-05
156.3	2.41821e-05
156.4	2.41821e-05
156.5	2.41821e-05
156.6	2.41821e-05
156.7	2.41821e-05
156.8	2.41821e-05
156.9	2.41821e-05
157	2.41821e-05
157.1	2.41821e-05
157.2	2.41821e-05
157.3	2.41821e-05
157.4	2.41821e-05
157.5	2.41821e-05
157.6	2.41821e-05
157.7	2.41821e-05
157.8	2.41821e-05
157.9	2.41821e-05
158	2.41821e-05
158.1	2.41821e-05
158.2	2.41821e-05
158.3	2.41821e-05
158.4	2.41821e-05
158.5	2.41821e-05
158.6	2.41821e-05
158.7	2.41821e-05
158.8	2.41821e-05
158.9	2.41821e-05
159	2.41821e-05
159.1	2.41821e-05
159.2	2.41821e-05
159.3	2.4524e-05
159.4	6.62149e-05
159.5	0.000552488
159.6	0.00223235
159.7	0.00504343
159.8	0.00822225
159.9	0.0114323
160	0.0146252
160.1	0.0177725
160.2	0.0208758
160.3	0.0239488
160.4	0.026999
160.5	0.030031
160.6	0.0330477
160.7	0.036055
160.8	0.0390602
160.9	0.0420639
161	0.0450676
161.1	0.0480717
161.2	0.0510811
161.3	0.0541029
161.4	0.0571371
161.5	0.0601768
161.6	0.0632181
161.7	0.0662638
161.8	0.0693222
161.9	0.0723931
162	0.0754713
162.1	0.0785619
162.2	0.0816641
162.3	0.0847721
162.4	0.0878951
162.5	0.0910411
162.6	0.0942011
162.7	0.0973648
162.8	0.100542
162.9	0.10374
163	0.106951
163.1	0.110163
163.2	0.113386
163.3	0.116633
163.4	0.119907
163.5	0.123203
163.6	0.126509
163.7	0.129813
163.8	0.133126
163.9	0.13646
164	0.139817
164.1	0.143195
164.2	0.14658
164.3	0.14996
164.4	0.153346
164.5	0.156752
164.6	0.160178
164.7	0.163625
164.8	0.167089
164.9	0.170557
165	0.174019
165.1	0.177486
165.2	0.180968
165.3	0.184468
165.4	0.187987
165.5	0.191523
165.6	0.195071
165.7	0.198629
165.8	0.202192
165.9	0.205752
166	0.209315
166.1	0.21289
166.2	0.216481
166.3	0.220087
166.4	0.223708
166.5	0.227343
166.6	0.230991
166.7	0.234651
166.8	0.238324
166.9	0.242012
167	0.24571
167.1	0.249408
167.2	0.253096
167.3	0.256785
167.4	0.260484
167.5	0.264194
167.6	0.267915
167.7	0.271647
167.8	0.275391
167.9	0.279144
168	0.282908
168.1	0.286682
168.2	0.290466
168.3	0.294259
168.4	0.29806
168.5	0.301871
168.6	0.305689
168.7	0.309516
168.8	0.31335
168.9	0.317192
169	0.321042
169.1	0.324898
169.2	0.328761
169.3	0.33263
169.4	0.336523
169.5	0.340469
169.6	0.343402
169.7	0.343268
169.8	0.340499
169.9	0.336644
170	0.332758
170.1	0.329061
170.2	0.325511
170.3	0.322089
170.4	0.318731
170.5	0.315421
170.6	0.31216
170.7	0.308943
170.8	0.305756
170.9	0.302583
171	0.299436
171.1	0.296429
171.2	0.293448
171.3	0.290126
171.4	0.286802
171.5	0.283587
171.6	0.280382
171.7	0.27718
171.8	0.273975
171.9	0.270747
172	0.267496
172.1	0.264235
172.2	0.260951
172.3	0.257646
172.4	0.254335
172.5	0.251
172.6	0.247628
172.7	0.244233
172.8	0.240837
172.9	0.237417
173	0.233951
173.1	0.230462
173.2	0.226975
173.3	0.223467
173.4	0.21991
173.5	0.216296
173.6	0.212633
173.7	0.208954
173.8	0.205284
173.9	0.2016
174	0.197872
174.1	0.194094
174.2	0.190275
174.3	0.186444
174.4	0.182629
174.5	0.178805
174.6	0.174944
174.7	0.171038
174.8	0.16709
174.9	0.163108
175	0.159125
175.1	0.155172
175.2	0.15122
175.3	0.147237
175.4	0.143216
175.5	0.139158
175.6	0.135065
175.7	0.130938
175.8	0.126784
175.9	0.122625
176	0.118485
176.1	0.114355
176.2	0.110207
176.3	0.106034
176.4	0.10184
176.5	0.0976212
176.6	0.093376
176.7	0.0891074
176.8	0.084811
176.9	0.0804913
177	0.076132
177.1	0.071551
177.2	0.0667328
177.3	0.0621907
177.4	0.0578749
177.5	0.0535719
177.6	0.0492562
177.7	0.0449311
177.8	0.040596
177.9	0.0362514
178	0.0319095
178.1	0.0275793
178.2	0.0232774
178.3	0.0190317
178.4	0.0149078
178.5	0.0111011
178.6	0.00813831
178.7	0.00692118
178.8	0.00802633
178.9	0.0109513
179	0.0147684
179.1	0.0189451
179.2	0.0232787
179.3	0.0276724
179.4	0.0321134
179.5	0.036525
179.6	0.0395647
179.7	0.0394477
179.8	0.0371188
179.9	0.0338027
180	0.0313699
180.1	0.0298006
180.2	0.0284182
180.3	0.0271114
180.4	0.0258515
180.5	0.0246316
180.6	0.0235238
180.7	0.0231216
180.8	0.0235333
180.9	0.0231862
181	0.0221179
181.1	0.0209523
181.2	0.0197092
181.3	0.0178159
181.4	0.0152016
181.5	0.0133637
181.6	0.0122078
181.7	0.0111389
181.8	0.0100991
181.9	0.00911213
182	0.00820946
182.1	0.007425
182.2	0.00681353
182.3	0.00644986
182.4	0.00638921
182.5	0.00663813
182.6	0.00717383
182.7	0.00794469
182.8	0.00891354
182.9	0.0100491
183	0.0113052
183.1	0.012651
183.2	0.0140861
183.3	0.0156162
183.4	0.0172278
183.5	0.0189085
183.6	0.0206334
183.7	0.0223647
183.8	0.0241183
183.9	0.0259498
184	0.0278652
184.1	0.0298468
184.2	0.0318585
184.3	0.0338765
184.4	0.0359256
184.5	0.0380297
184.6	0.0401635
184.7	0.0421282
184.8	0.0438912
184.9	0.0459254
185	0.048181
185.1	0.0504804
185.2	0.0528187
185.3	0.0552071
185.4	0.0576454
185.5	0.0601362
185.6	0.0626711
185.7	0.0652405
185.8	0.0678447
185.9	0.0704676
186	0.0731209
186.1	0.07582
186.2	0.0785696
186.3	0.0813805
186.4	0.0842403
186.5	0.0871248
186.6	0.0900498
186.7	0.093026
186.8	0.0960614
186.9	0.0991535
187	0.102319
187.1	0.105725
187.2	0.109374
187.3	0.112809
187.4	0.116046
187.5	0.11929
187.6	0.122591
187.7	0.125947
187.8	0.129361
187.9	0.132806
188	0.136282
188.1	0.139802
188.2	0.143339
188.3	0.146857
188.4	0.150029
188.5	0.152795
188.6	0.156062
188.7	0.159733
188.8	0.163457
188.9	0.167223
189	0.171022
189.1	0.174861
189.2	0.178715
189.3	0.182589
189.4	0.186514
189.5	0.190827
189.6	0.195182
189.7	0.198336
189.8	0.200782
189.9	0.202699
190	0.204672
190.1	0.206749
190.2	0.208741
190.3	0.211036
190.4	0.213581
190.5	0.216196
190.6	0.218863
190.7	0.221586
190.8	0.224357
190.9	0.227163
191	0.230025
191.1	0.233088
191.2	0.236213
191.3	0.238945
191.4	0.241722
191.5	0.244674
191.6	0.247688
191.7	0.250753
191.8	0.253813
191.9	0.256851
192	0.259896
192.1	0.262972
192.2	0.266034
192.3	0.269121
192.4	0.27224
192.5	0.275385
192.6	0.278568
192.7	0.281738
192.8	0.284884
192.9	0.288025
193	0.291151
193.1	0.294253
193.2	0.297345
193.3	0.300419
193.4	0.303474
193.5	0.306566
193.6	0.309669
193.7	0.312715
193.8	0.315712
193.9	0.318679
194	0.32161
194.1	0.324501
194.2	0.327376
194.3	0.330285
194.4	0.33358
194.5	0.337365
194.6	0.340625
194.7	0.343399
194.8	0.346075
194.9	0.348704
195	0.351288
195.1	0.353824
195.2	0.356294
195.3	0.358687
195.4	0.361016
195.5	0.363291
195.6	0.36549
195.7	0.367614
195.8	0.369656
195.9	0.371602
196	0.37346
196.1	0.375235
196.2	0.376923
196.3	0.378522
196.4	0.380039
196.5	0.381488
196.6	0.382841
196.7	0.384052
196.8	0.385202
196.9	0.386242
197	0.387133
197.1	0.387943
197.2	0.388763
197.3	0.389468
197.4	0.390012
197.5	0.390408
197.6	0.390687
197.7	0.390857
197.8	0.390906
197.9	0.390852
198	0.390719
198.1	0.3905
198.2	0.390125
198.3	0.389391
198.4	0.38925
198.5	0.390756
198.6	0.391269
198.7	0.390627
198.8	0.389792
198.9	0.388845
199	0.387784
199.1	0.386632
199.2	0.385416
199.3	0.384147
199.4	0.382852
199.5	0.381561
199.6	0.380216
199.7	0.378656
199.8	0.376856
199.9	0.374883
200	0.372962
200.1	0.371085
200.2	0.369101
200.3	0.367019
200.4	0.364907
200.5	0.362777
200.6	0.360626
200.7	0.358503
200.8	0.35641
200.9	0.354165
201	0.351812
201.1	0.349408
201.2	0.34696
201.3	0.344376
201.4	0.341656
201.5	0.339036
201.6	0.33649
201.7	0.333969
201.8	0.331441
201.9	0.328885
202	0.32631
202.1	0.323726
202.2	0.321115
202.3	0.318445
202.4	0.315718
202.5	0.312986
202.6	0.310254
202.7	0.307518
202.8	0.304792
202.9	0.302073
203	0.299357
203.1	0.296623
203.2	0.293857
203.3	0.291056
203.4	0.288253
203.5	0.285457
203.6	0.282669
203.7	0.279905
203.8	0.277152
203.9	0.274391
204	0.271615
204.1	0.268836
204.2	0.266083
204.3	0.263332
204.4	0.260554
204.5	0.25776
204.6	0.254999
204.7	0.252253
204.8	0.249476
204.9	0.246769
205	0.244077
205.1	0.241372
205.2	0.238686
205.3	0.236037
205.4	0.233439
205.5	0.230872
205.6	0.228323
205.7	0.225804
205.8	0.223338
205.9	0.220932
206	0.218573
206.1	0.216241
206.2	0.213931
206.3	0.211664
206.4	0.209438
206.5	0.207242
206.6	0.205098
206.7	0.203026
206.8	0.20102
206.9	0.19906
207	0.197131
207.1	0.195204
207.2	0.193239
207.3	0.190984
207.4	0.188437
207.5	0.186452
207.6	0.184929
207.7	0.183507
207.8	0.182136
207.9	0.180805
208	0.179517
208.1	0.178285
208.2	0.177198
208.3	0.176994
208.4	0.177324
208.5	0.176055
208.6	0.174575
208.7	0.173604
208.8	0.172751
208.9	0.171961
209	0.171224
