0.1	2.41821e-05
0.2	2.41821e-05
0.3	2.41821e-05
0.4	2.41821e-05
0.5	2.41821e-05
0.6	2.41821e-05
0.7	2.41821e-05
0.8	2.41821e-05
0.9	2.41821e-05
1	2.41821e-05
1.1	2.41821e-05
1.2	2.41821e-05
1.3	2.41821e-05
1.4	2.41821e-05
1.5	2.41821e-05
1.6	2.41821e-05
1.7	2.41821e-05
1.8	2.41821e-05
1.9	2.41821e-05
2	2.41821e-05
2.1	2.41821e-05
2.2	2.41821e-05
2.3	2.41821e-05
2.4	2.41821e-05
2.5	2.41821e-05
2.6	2.41821e-05
2.7	2.41821e-05
2.8	2.41821e-05
2.9	2.41821e-05
3	2.41821e-05
3.1	2.41821e-05
3.2	2.41821e-05
3.3	2.41821e-05
3.4	2.41821e-05
3.5	2.41821e-05
3.6	2.41821e-05
3.7	2.41821e-05
3.8	2.41821e-05
3.9	2.41821e-05
4	2.41821e-05
4.1	2.41821e-05
4.2	2.41821e-05
4.3	2.41821e-05
4.4	2.41821e-05
4.5	2.41821e-05
4.6	2.41821e-05
4.7	2.41821e-05
4.8	2.41821e-05
4.9	2.41821e-05
5	2.41821e-05
5.1	2.41821e-05
5.2	2.41821e-05
5.3	2.41821e-05
5.4	2.41821e-05
5.5	2.41821e-05
5.6	2.41821e-05
5.7	2.41821e-05
5.8	2.41821e-05
5.9	2.41821e-05
6	2.41821e-05
6.1	2.41821e-05
6.2	2.41821e-05
6.3	2.41821e-05
6.4	2.41821e-05
6.5	2.41821e-05
6.6	2.41821e-05
6.7	2.41821e-05
6.8	2.41821e-05
6.9	2.41821e-05
7	2.41821e-05
7.1	2.41821e-05
7.2	2.41821e-05
7.3	2.41821e-05
7.4	2.41821e-05
7.5	2.41821e-05
7.6	2.41821e-05
7.7	2.41821e-05
7.8	2.41821e-05
7.9	2.41821e-05
8	2.41821e-05
8.1	2.41821e-05
8.2	2.41821e-05
8.3	2.41821e-05
8.4	2.41821e-05
8.5	2.41821e-05
8.6	2.41821e-05
8.7	2.41821e-05
8.8	2.41821e-05
8.9	2.41821e-05
9	2.41821e-05
9.1	2.41821e-05
9.2	2.41821e-05
9.3	2.41821e-05
9.4	2.41821e-05
9.5	2.41821e-05
9.6	2.41821e-05
9.7	2.41821e-05
9.8	2.41821e-05
9.9	2.41821e-05
10	2.41821e-05
10.1	2.41821e-05
10.2	2.41821e-05
10.3	2.41821e-05
10.4	2.41821e-05
10.5	2.41821e-05
10.6	2.41821e-05
10.7	2.41821e-05
10.8	2.41821e-05
10.9	2.41821e-05
11	2.41821e-05
11.1	2.41821e-05
11.2	2.41821e-05
11.3	2.41821e-05
11.4	2.41821e-05
11.5	2.41821e-05
11.6	2.41821e-05
11.7	2.41821e-05
11.8	2.41821e-05
11.9	2.41821e-05
12	2.41821e-05
12.1	2.41821e-05
12.2	2.41821e-05
12.3	2.41821e-05
12.4	2.41821e-05
12.5	2.41821e-05
12.6	2.41821e-05
12.7	2.41821e-05
12.8	2.41821e-05
12.9	2.41821e-05
13	2.41821e-05
13.1	2.41821e-05
13.2	2.41821e-05
13.3	2.41821e-05
13.4	2.41821e-05
13.5	2.41821e-05
13.6	2.41821e-05
13.7	2.41821e-05
13.8	2.41821e-05
13.9	2.41821e-05
14	2.41821e-05
14.1	2.41821e-05
14.2	2.41821e-05
14.3	2.41821e-05
14.4	2.41821e-05
14.5	2.41821e-05
14.6	2.41821e-05
14.7	2.41821e-05
14.8	2.41821e-05
14.9	2.41821e-05
15	2.41821e-05
15.1	2.41821e-05
15.2	2.41821e-05
15.3	2.41821e-05
15.4	2.41821e-05
15.5	2.41821e-05
15.6	2.41821e-05
15.7	2.41821e-05
15.8	2.41821e-05
15.9	2.41821e-05
16	2.41821e-05
16.1	2.41821e-05
16.2	2.41821e-05
16.3	2.41821e-05
16.4	2.41821e-05
16.5	2.41821e-05
16.6	2.41821e-05
16.7	2.41821e-05
16.8	2.41821e-05
16.9	2.41821e-05
17	2.41821e-05
17.1	2.41821e-05
17.2	2.41821e-05
17.3	2.41821e-05
17.4	2.41821e-05
17.5	2.41821e-05
17.6	2.41821e-05
17.7	2.41821e-05
17.8	2.41821e-05
17.9	2.41821e-05
18	2.41821e-05
18.1	2.41821e-05
18.2	2.41821e-05
18.3	2.41821e-05
18.4	2.41821e-05
18.5	2.41821e-05
18.6	2.41821e-05
18.7	2.41821e-05
18.8	2.41821e-05
18.9	2.41821e-05
19	2.41821e-05
19.1	2.41821e-05
19.2	2.41821e-05
19.3	2.41821e-05
19.4	2.41821e-05
19.5	2.41821e-05
19.6	2.41821e-05
19.7	2.41821e-05
19.8	2.41821e-05
19.9	2.41821e-05
20	2.41821e-05
20.1	2.41821e-05
20.2	2.41821e-05
20.3	2.41821e-05
20.4	2.41821e-05
20.5	2.41821e-05
20.6	2.41821e-05
20.7	2.41821e-05
20.8	2.41821e-05
20.9	2.41821e-05
21	2.41821e-05
21.1	2.41821e-05
21.2	2.41821e-05
21.3	2.41821e-05
21.4	2.41821e-05
21.5	2.41821e-05
21.6	2.41821e-05
21.7	2.41821e-05
21.8	2.41821e-05
21.9	2.41821e-05
22	2.41821e-05
22.1	2.41821e-05
22.2	2.41821e-05
22.3	2.41821e-05
22.4	2.41821e-05
22.5	2.41821e-05
22.6	2.41821e-05
22.7	2.41821e-05
22.8	2.41821e-05
22.9	2.41821e-05
23	2.41821e-05
23.1	2.41821e-05
23.2	2.41821e-05
23.3	2.41821e-05
23.4	2.41821e-05
23.5	2.41821e-05
23.6	2.41821e-05
23.7	2.41821e-05
23.8	2.41821e-05
23.9	2.41821e-05
24	2.41821e-05
24.1	2.41821e-05
24.2	2.41821e-05
24.3	2.41821e-05
24.4	2.41821e-05
24.5	2.41821e-05
24.6	2.41821e-05
24.7	2.41821e-05
24.8	2.41821e-05
24.9	2.41821e-05
25	2.41821e-05
25.1	2.41821e-05
25.2	2.41821e-05
25.3	2.41821e-05
25.4	2.41821e-05
25.5	2.41821e-05
25.6	2.41821e-05
25.7	2.41821e-05
25.8	2.41821e-05
25.9	2.41821e-05
26	2.41821e-05
26.1	2.41821e-05
26.2	2.41821e-05
26.3	2.41821e-05
26.4	2.41821e-05
26.5	2.41821e-05
26.6	2.41821e-05
26.7	2.41821e-05
26.8	2.41821e-05
26.9	2.41821e-05
27	2.41821e-05
27.1	2.41821e-05
27.2	2.41821e-05
27.3	2.41821e-05
27.4	2.41821e-05
27.5	2.41821e-05
27.6	2.41821e-05
27.7	2.41821e-05
27.8	2.41821e-05
27.9	2.41821e-05
28	2.41821e-05
28.1	2.41821e-05
28.2	2.41821e-05
28.3	2.41821e-05
28.4	2.41821e-05
28.5	2.41821e-05
28.6	2.41821e-05
28.7	2.41821e-05
28.8	2.41821e-05
28.9	2.41821e-05
29	2.41821e-05
29.1	2.41821e-05
29.2	2.41821e-05
29.3	2.41821e-05
29.4	2.41821e-05
29.5	2.41821e-05
29.6	2.41821e-05
29.7	2.41821e-05
29.8	2.41821e-05
29.9	2.41821e-05
30	2.41821e-05
30.1	2.41821e-05
30.2	2.41821e-05
30.3	2.41821e-05
30.4	2.41821e-05
30.5	2.41821e-05
30.6	2.41821e-05
30.7	2.41821e-05
30.8	2.41821e-05
30.9	2.41821e-05
31	2.41821e-05
31.1	2.41821e-05
31.2	2.41821e-05
31.3	2.41821e-05
31.4	2.41821e-05
31.5	2.41821e-05
31.6	2.41821e-05
31.7	2.41821e-05
31.8	2.41821e-05
31.9	2.41821e-05
32	2.41821e-05
32.1	2.41821e-05
32.2	2.41821e-05
32.3	2.41821e-05
32.4	2.41821e-05
32.5	2.41821e-05
32.6	2.41821e-05
32.7	2.41821e-05
32.8	2.41821e-05
32.9	2.41821e-05
33	2.41821e-05
33.1	2.41821e-05
33.2	2.41821e-05
33.3	2.41821e-05
33.4	2.41821e-05
33.5	2.41821e-05
33.6	2.41821e-05
33.7	2.41821e-05
33.8	2.41821e-05
33.9	2.41821e-05
34	2.41821e-05
34.1	2.41821e-05
34.2	2.41821e-05
34.3	2.41821e-05
34.4	2.41821e-05
34.5	2.41821e-05
34.6	2.41821e-05
34.7	2.41821e-05
34.8	2.41821e-05
34.9	2.41821e-05
35	2.41821e-05
35.1	2.41821e-05
35.2	2.41821e-05
35.3	2.41821e-05
35.4	2.41821e-05
35.5	2.41821e-05
35.6	2.41821e-05
35.7	2.41821e-05
35.8	2.41821e-05
35.9	2.41821e-05
36	2.41821e-05
36.1	2.41821e-05
36.2	2.41821e-05
36.3	2.41821e-05
36.4	2.41821e-05
36.5	2.41821e-05
36.6	2.41821e-05
36.7	2.41821e-05
36.8	2.41821e-05
36.9	2.41821e-05
37	2.41821e-05
37.1	2.41821e-05
37.2	2.41821e-05
37.3	2.41821e-05
37.4	2.41821e-05
37.5	2.41821e-05
37.6	2.41821e-05
37.7	2.41821e-05
37.8	2.41821e-05
37.9	2.41821e-05
38	2.41821e-05
38.1	2.41821e-05
38.2	2.41821e-05
38.3	2.41821e-05
38.4	2.41821e-05
38.5	2.41821e-05
38.6	2.41821e-05
38.7	2.41821e-05
38.8	2.41821e-05
38.9	2.41821e-05
39	2.41821e-05
39.1	2.41821e-05
39.2	2.41821e-05
39.3	2.41821e-05
39.4	2.41821e-05
39.5	2.41821e-05
39.6	2.41821e-05
39.7	2.41821e-05
39.8	2.41821e-05
39.9	2.41821e-05
40	2.41821e-05
40.1	2.41821e-05
40.2	2.41821e-05
40.3	2.41821e-05
40.4	2.41821e-05
40.5	2.41821e-05
40.6	2.41821e-05
40.7	2.41821e-05
40.8	2.41821e-05
40.9	2.41821e-05
41	2.41821e-05
41.1	2.41821e-05
41.2	2.41821e-05
41.3	2.41821e-05
41.4	2.41821e-05
41.5	2.41821e-05
41.6	2.41821e-05
41.7	2.41821e-05
41.8	2.41821e-05
41.9	2.41821e-05
42	2.41821e-05
42.1	2.41821e-05
42.2	2.41821e-05
42.3	2.41821e-05
42.4	2.41821e-05
42.5	2.41821e-05
42.6	2.41821e-05
42.7	2.41821e-05
42.8	2.41821e-05
42.9	2.41821e-05
43	2.41821e-05
43.1	2.41821e-05
43.2	2.41821e-05
43.3	2.41821e-05
43.4	2.41821e-05
43.5	2.41821e-05
43.6	2.41821e-05
43.7	2.41821e-05
43.8	2.41821e-05
43.9	2.41821e-05
44	2.41821e-05
44.1	2.41821e-05
44.2	2.41821e-05
44.3	2.41821e-05
44.4	2.41821e-05
44.5	2.41821e-05
44.6	2.41821e-05
44.7	2.41821e-05
44.8	2.41821e-05
44.9	2.41821e-05
45	2.41821e-05
45.1	2.41821e-05
45.2	2.41821e-05
45.3	2.41821e-05
45.4	2.41821e-05
45.5	2.41821e-05
45.6	2.41821e-05
45.7	2.41821e-05
45.8	2.41821e-05
45.9	2.41821e-05
46	2.41821e-05
46.1	2.41821e-05
46.2	2.41821e-05
46.3	2.41821e-05
46.4	2.41821e-05
46.5	2.41821e-05
46.6	2.41821e-05
46.7	2.41821e-05
46.8	2.41821e-05
46.9	2.41821e-05
47	2.41821e-05
47.1	2.41821e-05
47.2	2.41821e-05
47.3	2.41821e-05
47.4	2.41821e-05
47.5	2.41821e-05
47.6	2.41821e-05
47.7	2.41821e-05
47.8	2.41821e-05
47.9	2.41821e-05
48	2.41821e-05
48.1	2.41821e-05
48.2	2.41821e-05
48.3	2.41821e-05
48.4	2.41821e-05
48.5	2.41821e-05
48.6	2.41821e-05
48.7	2.41821e-05
48.8	2.41821e-05
48.9	2.41821e-05
49	2.41821e-05
49.1	2.41821e-05
49.2	2.41821e-05
49.3	2.41821e-05
49.4	2.41821e-05
49.5	2.41821e-05
49.6	2.41821e-05
49.7	2.41821e-05
49.8	2.41821e-05
49.9	2.41821e-05
50	2.41821e-05
50.1	2.41821e-05
50.2	2.41821e-05
50.3	2.41821e-05
50.4	2.41821e-05
50.5	2.41821e-05
50.6	2.41821e-05
50.7	2.41821e-05
50.8	2.41821e-05
50.9	2.41821e-05
51	2.41821e-05
51.1	2.41821e-05
51.2	2.41821e-05
51.3	2.41821e-05
51.4	2.41821e-05
51.5	2.41821e-05
51.6	2.41821e-05
51.7	2.41821e-05
51.8	2.41821e-05
51.9	2.41821e-05
52	2.41821e-05
52.1	2.41821e-05
52.2	2.41821e-05
52.3	2.41821e-05
52.4	2.41821e-05
52.5	2.41821e-05
52.6	2.41821e-05
52.7	2.41821e-05
52.8	2.41821e-05
52.9	2.41821e-05
53	2.41821e-05
53.1	2.41821e-05
53.2	2.41821e-05
53.3	2.41821e-05
53.4	2.41821e-05
53.5	2.41821e-05
53.6	2.41821e-05
53.7	2.41821e-05
53.8	2.41821e-05
53.9	2.41821e-05
54	2.41821e-05
54.1	2.41821e-05
54.2	2.41821e-05
54.3	2.41821e-05
54.4	2.41821e-05
54.5	2.41821e-05
54.6	2.41821e-05
54.7	2.41821e-05
54.8	2.41821e-05
54.9	2.41821e-05
55	2.41821e-05
55.1	2.41821e-05
55.2	2.41821e-05
55.3	2.41821e-05
55.4	2.41821e-05
55.5	2.41821e-05
55.6	2.41821e-05
55.7	2.41821e-05
55.8	2.41821e-05
55.9	2.41821e-05
56	2.41821e-05
56.1	2.41821e-05
56.2	2.41821e-05
56.3	2.41821e-05
56.4	2.41821e-05
56.5	2.41821e-05
56.6	2.41821e-05
56.7	2.41821e-05
56.8	2.41821e-05
56.9	2.41821e-05
57	2.41821e-05
57.1	2.41821e-05
57.2	2.41821e-05
57.3	2.41821e-05
57.4	2.41821e-05
57.5	2.41821e-05
57.6	2.41821e-05
57.7	2.41821e-05
57.8	2.41821e-05
57.9	2.41821e-05
58	2.41821e-05
58.1	2.41821e-05
58.2	2.41821e-05
58.3	2.41821e-05
58.4	2.41821e-05
58.5	2.41821e-05
58.6	2.41821e-05
58.7	2.41821e-05
58.8	2.41821e-05
58.9	2.41821e-05
59	2.41821e-05
59.1	2.41821e-05
59.2	2.41821e-05
59.3	2.41821e-05
59.4	2.41821e-05
59.5	2.41821e-05
59.6	2.41821e-05
59.7	2.41821e-05
59.8	2.41821e-05
59.9	2.41821e-05
60	2.41821e-05
60.1	2.41821e-05
60.2	2.41821e-05
60.3	2.41821e-05
60.4	2.41821e-05
60.5	2.41821e-05
60.6	2.41821e-05
60.7	2.41821e-05
60.8	2.41821e-05
60.9	2.41821e-05
61	2.41821e-05
61.1	2.41821e-05
61.2	2.41821e-05
61.3	2.41821e-05
61.4	2.41821e-05
61.5	2.41821e-05
61.6	2.41821e-05
61.7	2.41821e-05
61.8	2.41821e-05
61.9	2.41821e-05
62	2.41821e-05
62.1	2.41821e-05
62.2	2.41821e-05
62.3	2.41821e-05
62.4	2.41821e-05
62.5	2.41821e-05
62.6	2.41821e-05
62.7	2.41821e-05
62.8	2.41821e-05
62.9	2.41821e-05
63	2.41821e-05
63.1	2.41821e-05
63.2	2.41821e-05
63.3	2.41821e-05
63.4	2.41821e-05
63.5	2.41821e-05
63.6	2.41821e-05
63.7	2.41821e-05
63.8	2.41821e-05
63.9	2.41821e-05
64	2.41821e-05
64.1	2.41821e-05
64.2	2.41821e-05
64.3	2.41821e-05
64.4	2.41821e-05
64.5	2.41821e-05
64.6	2.41821e-05
64.7	2.41821e-05
64.8	2.41821e-05
64.9	2.41821e-05
65	2.41821e-05
65.1	2.41821e-05
65.2	2.41821e-05
65.3	2.41821e-05
65.4	2.41821e-05
65.5	2.41821e-05
65.6	2.41821e-05
65.7	2.41821e-05
65.8	2.41821e-05
65.9	2.41821e-05
66	2.41821e-05
66.1	2.41821e-05
66.2	2.41821e-05
66.3	2.41821e-05
66.4	2.41821e-05
66.5	2.41821e-05
66.6	2.41821e-05
66.7	2.41821e-05
66.8	2.41821e-05
66.9	2.41821e-05
67	2.41821e-05
67.1	2.41821e-05
67.2	2.41821e-05
67.3	2.41821e-05
67.4	2.41821e-05
67.5	2.41821e-05
67.6	2.41821e-05
67.7	2.41821e-05
67.8	2.41821e-05
67.9	2.41821e-05
68	2.41821e-05
68.1	2.41821e-05
68.2	2.41821e-05
68.3	2.41821e-05
68.4	2.41821e-05
68.5	2.41821e-05
68.6	2.41821e-05
68.7	2.41821e-05
68.8	2.41821e-05
68.9	2.41821e-05
69	2.41821e-05
69.1	2.41821e-05
69.2	2.41821e-05
69.3	2.41821e-05
69.4	2.41821e-05
69.5	2.41821e-05
69.6	2.41821e-05
69.7	2.41821e-05
69.8	2.41821e-05
69.9	2.41821e-05
70	2.41821e-05
70.1	2.41821e-05
70.2	2.41821e-05
70.3	2.41821e-05
70.4	2.41821e-05
70.5	2.41821e-05
70.6	2.41821e-05
70.7	2.41821e-05
70.8	2.41821e-05
70.9	2.41821e-05
71	2.41821e-05
71.1	2.41821e-05
71.2	2.41821e-05
71.3	2.41821e-05
71.4	2.41821e-05
71.5	2.41821e-05
71.6	2.41821e-05
71.7	2.41821e-05
71.8	2.41821e-05
71.9	2.41821e-05
72	2.41821e-05
72.1	2.41821e-05
72.2	2.41821e-05
72.3	2.41821e-05
72.4	2.41821e-05
72.5	2.41821e-05
72.6	2.41821e-05
72.7	2.41821e-05
72.8	2.41821e-05
72.9	2.41821e-05
73	2.41821e-05
73.1	2.41821e-05
73.2	2.41821e-05
73.3	2.41821e-05
73.4	2.41821e-05
73.5	2.41821e-05
73.6	2.41821e-05
73.7	2.41821e-05
73.8	2.41821e-05
73.9	2.41821e-05
74	2.41821e-05
74.1	2.41821e-05
74.2	2.41821e-05
74.3	2.41821e-05
74.4	2.41821e-05
74.5	2.41821e-05
74.6	2.41821e-05
74.7	2.41821e-05
74.8	2.41821e-05
74.9	2.41821e-05
75	2.41821e-05
75.1	2.41821e-05
75.2	2.41821e-05
75.3	2.41821e-05
75.4	2.41821e-05
75.5	2.41821e-05
75.6	2.41821e-05
75.7	2.41821e-05
75.8	2.41821e-05
75.9	2.41821e-05
76	2.41821e-05
76.1	2.41821e-05
76.2	2.41821e-05
76.3	2.41821e-05
76.4	2.41821e-05
76.5	2.41821e-05
76.6	2.41821e-05
76.7	2.41821e-05
76.8	2.41821e-05
76.9	2.41821e-05
77	2.41821e-05
77.1	2.41821e-05
77.2	2.41821e-05
77.3	2.41821e-05
77.4	2.41821e-05
77.5	2.41821e-05
77.6	2.41821e-05
77.7	2.41821e-05
77.8	2.41821e-05
77.9	2.41821e-05
78	2.41821e-05
78.1	2.41821e-05
78.2	2.41821e-05
78.3	2.41821e-05
78.4	2.41821e-05
78.5	2.41821e-05
78.6	2.41821e-05
78.7	2.41821e-05
78.8	2.41821e-05
78.9	2.41821e-05
79	2.41821e-05
79.1	2.41821e-05
79.2	2.41821e-05
79.3	2.41821e-05
79.4	2.41821e-05
79.5	2.41821e-05
79.6	2.41821e-05
79.7	2.41821e-05
79.8	2.41821e-05
79.9	2.41821e-05
80	2.41821e-05
80.1	2.41821e-05
80.2	2.41821e-05
80.3	2.41821e-05
80.4	2.41821e-05
80.5	2.41821e-05
80.6	2.41821e-05
80.7	2.41821e-05
80.8	2.41821e-05
80.9	2.41821e-05
81	2.41821e-05
81.1	2.41821e-05
81.2	2.41821e-05
81.3	2.41821e-05
81.4	2.41821e-05
81.5	2.41821e-05
81.6	2.41821e-05
81.7	2.41821e-05
81.8	2.41821e-05
81.9	2.41821e-05
82	2.41821e-05
82.1	2.41821e-05
82.2	2.41821e-05
82.3	2.41821e-05
82.4	2.41821e-05
82.5	2.41821e-05
82.6	2.41821e-05
82.7	2.41821e-05
82.8	2.41821e-05
82.9	2.41821e-05
83	2.41821e-05
83.1	2.41821e-05
83.2	2.41821e-05
83.3	2.41821e-05
83.4	2.41821e-05
83.5	2.41821e-05
83.6	2.41821e-05
83.7	2.41821e-05
83.8	2.41821e-05
83.9	2.41821e-05
84	2.41821e-05
84.1	2.41821e-05
84.2	2.41821e-05
84.3	2.41821e-05
84.4	2.41821e-05
84.5	2.41821e-05
84.6	2.41821e-05
84.7	2.41821e-05
84.8	2.41821e-05
84.9	2.41821e-05
85	2.41821e-05
85.1	2.41821e-05
85.2	2.41821e-05
85.3	2.41821e-05
85.4	2.41821e-05
85.5	2.41821e-05
85.6	2.41821e-05
85.7	2.41821e-05
85.8	2.41821e-05
85.9	2.41821e-05
86	2.41821e-05
86.1	2.41821e-05
86.2	2.41821e-05
86.3	2.41821e-05
86.4	2.41821e-05
86.5	2.41821e-05
86.6	2.41821e-05
86.7	2.41821e-05
86.8	2.41821e-05
86.9	2.41821e-05
87	2.41821e-05
87.1	2.41821e-05
87.2	2.41821e-05
87.3	2.41821e-05
87.4	2.41821e-05
87.5	2.41821e-05
87.6	2.41821e-05
87.7	2.41821e-05
87.8	2.41821e-05
87.9	2.41821e-05
88	2.41821e-05
88.1	2.41821e-05
88.2	2.41821e-05
88.3	2.41821e-05
88.4	2.41821e-05
88.5	2.41821e-05
88.6	2.41821e-05
88.7	2.41821e-05
88.8	2.41821e-05
88.9	2.41821e-05
89	2.41821e-05
89.1	2.41821e-05
89.2	2.41821e-05
89.3	2.41821e-05
89.4	2.41821e-05
89.5	2.41821e-05
89.6	2.41821e-05
89.7	2.41821e-05
89.8	2.41821e-05
89.9	2.41821e-05
90	2.41821e-05
90.1	2.41821e-05
90.2	2.41821e-05
90.3	2.41821e-05
90.4	2.41821e-05
90.5	2.41821e-05
90.6	2.41821e-05
90.7	2.41821e-05
90.8	2.41821e-05
90.9	2.41821e-05
91	2.41821e-05
91.1	2.41821e-05
91.2	2.41821e-05
91.3	2.41821e-05
91.4	2.41821e-05
91.5	2.41821e-05
91.6	2.41821e-05
91.7	2.41821e-05
91.8	2.41821e-05
91.9	2.41821e-05
92	2.41821e-05
92.1	2.41821e-05
92.2	2.41821e-05
92.3	2.41821e-05
92.4	2.41821e-05
92.5	2.41821e-05
92.6	2.41821e-05
92.7	2.41821e-05
92.8	2.41821e-05
92.9	2.41821e-05
93	2.41821e-05
93.1	2.41821e-05
93.2	2.41821e-05
93.3	2.41821e-05
93.4	2.41821e-05
93.5	2.41821e-05
93.6	2.41821e-05
93.7	2.41821e-05
93.8	2.41821e-05
93.9	2.41821e-05
94	2.41821e-05
94.1	2.41821e-05
94.2	2.41821e-05
94.3	2.41821e-05
94.4	2.41821e-05
94.5	2.41821e-05
94.6	2.41821e-05
94.7	2.41821e-05
94.8	2.41821e-05
94.9	2.41821e-05
95	2.41821e-05
95.1	2.41821e-05
95.2	2.41821e-05
95.3	2.41821e-05
95.4	2.41821e-05
95.5	2.41821e-05
95.6	2.41821e-05
95.7	2.41821e-05
95.8	2.41821e-05
95.9	2.41821e-05
96	2.41821e-05
96.1	2.41821e-05
96.2	2.41821e-05
96.3	2.41821e-05
96.4	2.41821e-05
96.5	2.41821e-05
96.6	2.41821e-05
96.7	2.41821e-05
96.8	2.41821e-05
96.9	2.41821e-05
97	2.41821e-05
97.1	2.41821e-05
97.2	2.41821e-05
97.3	2.41821e-05
97.4	2.41821e-05
97.5	2.41821e-05
97.6	2.41821e-05
97.7	2.41821e-05
97.8	2.41821e-05
97.9	2.41821e-05
98	2.41821e-05
98.1	2.41821e-05
98.2	2.41821e-05
98.3	2.41821e-05
98.4	2.41821e-05
98.5	2.41821e-05
98.6	2.41821e-05
98.7	2.41821e-05
98.8	2.41821e-05
98.9	2.41821e-05
99	2.41821e-05
99.1	2.41821e-05
99.2	2.41821e-05
99.3	2.41821e-05
99.4	2.41821e-05
99.5	2.41821e-05
99.6	2.41821e-05
99.7	2.41821e-05
99.8	2.41821e-05
99.9	2.41821e-05
100	2.41821e-05
100.1	2.41821e-05
100.2	2.41821e-05
100.3	2.41821e-05
100.4	2.41821e-05
100.5	2.41821e-05
100.6	2.41821e-05
100.7	2.41821e-05
100.8	2.41821e-05
100.9	2.41821e-05
101	2.41821e-05
101.1	2.41821e-05
101.2	2.41821e-05
101.3	2.41821e-05
101.4	2.41821e-05
101.5	2.41821e-05
101.6	2.41821e-05
101.7	2.41821e-05
101.8	2.41821e-05
101.9	2.41821e-05
102	2.41821e-05
102.1	2.41821e-05
102.2	2.41821e-05
102.3	2.41821e-05
102.4	2.41821e-05
102.5	2.41821e-05
102.6	2.41821e-05
102.7	2.41821e-05
102.8	2.41821e-05
102.9	2.41821e-05
103	2.41821e-05
103.1	2.41821e-05
103.2	2.41821e-05
103.3	2.41821e-05
103.4	2.41821e-05
103.5	2.41821e-05
103.6	2.41821e-05
103.7	2.41821e-05
103.8	2.41821e-05
103.9	2.41821e-05
104	2.41821e-05
104.1	2.41821e-05
104.2	2.41821e-05
104.3	2.41821e-05
104.4	2.41821e-05
104.5	2.41821e-05
104.6	2.41821e-05
104.7	2.41821e-05
104.8	2.41821e-05
104.9	2.41821e-05
105	2.41821e-05
105.1	2.41821e-05
105.2	2.41821e-05
105.3	2.41821e-05
105.4	2.41821e-05
105.5	2.41821e-05
105.6	2.41821e-05
105.7	2.41821e-05
105.8	2.41821e-05
105.9	2.41821e-05
106	2.41821e-05
106.1	2.41821e-05
106.2	2.41821e-05
106.3	2.41821e-05
106.4	2.41821e-05
106.5	2.41821e-05
106.6	2.41821e-05
106.7	2.41821e-05
106.8	2.41821e-05
106.9	2.41821e-05
107	2.41821e-05
107.1	2.41821e-05
107.2	2.41821e-05
107.3	2.41821e-05
107.4	2.41821e-05
107.5	2.41821e-05
107.6	2.41821e-05
107.7	2.41821e-05
107.8	2.41821e-05
107.9	2.41821e-05
108	2.41821e-05
108.1	2.41821e-05
108.2	2.41821e-05
108.3	2.41821e-05
108.4	2.41821e-05
108.5	2.41821e-05
108.6	2.41821e-05
108.7	2.41821e-05
108.8	2.41821e-05
108.9	2.41821e-05
109	2.41821e-05
109.1	2.41821e-05
109.2	2.41821e-05
109.3	2.41821e-05
109.4	2.41821e-05
109.5	2.41821e-05
109.6	2.41821e-05
109.7	2.41821e-05
109.8	2.41821e-05
109.9	2.41821e-05
110	2.41821e-05
110.1	2.41821e-05
110.2	2.41821e-05
110.3	2.41821e-05
110.4	2.41821e-05
110.5	2.41821e-05
110.6	2.41821e-05
110.7	2.41821e-05
110.8	2.41821e-05
110.9	2.41821e-05
111	2.41821e-05
111.1	2.41821e-05
111.2	2.41821e-05
111.3	2.41821e-05
111.4	2.41821e-05
111.5	2.41821e-05
111.6	2.41821e-05
111.7	2.41821e-05
111.8	2.41821e-05
111.9	2.41821e-05
112	2.41821e-05
112.1	2.41821e-05
112.2	2.41821e-05
112.3	2.41821e-05
112.4	2.41821e-05
112.5	2.41821e-05
112.6	2.41821e-05
112.7	2.41821e-05
112.8	2.41821e-05
112.9	2.41821e-05
113	2.41821e-05
113.1	2.41821e-05
113.2	2.41821e-05
113.3	2.41821e-05
113.4	2.41821e-05
113.5	2.41821e-05
113.6	2.41821e-05
113.7	2.41821e-05
113.8	2.41821e-05
113.9	2.41821e-05
114	2.41821e-05
114.1	2.41821e-05
114.2	2.41821e-05
114.3	2.41821e-05
114.4	2.41821e-05
114.5	2.41821e-05
114.6	2.41821e-05
114.7	2.41821e-05
114.8	2.41821e-05
114.9	2.41821e-05
115	2.41821e-05
115.1	2.41821e-05
115.2	2.41821e-05
115.3	2.41821e-05
115.4	2.41821e-05
115.5	2.41821e-05
115.6	2.41821e-05
115.7	2.41821e-05
115.8	2.41821e-05
115.9	2.41821e-05
116	2.41821e-05
116.1	2.41821e-05
116.2	2.41821e-05
116.3	2.41821e-05
116.4	2.41821e-05
116.5	2.41821e-05
116.6	2.41821e-05
116.7	2.41821e-05
116.8	2.41821e-05
116.9	2.41821e-05
117	2.41821e-05
117.1	2.41821e-05
117.2	2.41821e-05
117.3	2.41821e-05
117.4	2.41821e-05
117.5	2.41821e-05
117.6	2.41821e-05
117.7	2.41821e-05
117.8	2.41821e-05
117.9	2.41821e-05
118	2.41821e-05
118.1	2.41821e-05
118.2	2.41821e-05
118.3	2.41821e-05
118.4	2.41821e-05
118.5	2.41821e-05
118.6	2.41821e-05
118.7	2.41821e-05
118.8	2.41821e-05
118.9	2.41821e-05
119	2.41821e-05
119.1	2.41821e-05
119.2	2.41821e-05
119.3	2.41821e-05
119.4	2.41821e-05
119.5	2.41821e-05
119.6	2.41821e-05
119.7	2.41821e-05
119.8	2.41821e-05
119.9	2.41821e-05
120	2.41821e-05
120.1	2.41821e-05
120.2	2.41821e-05
120.3	2.41821e-05
120.4	2.41821e-05
120.5	2.41821e-05
120.6	2.41821e-05
120.7	2.41821e-05
120.8	2.41821e-05
120.9	2.41821e-05
121	2.41821e-05
121.1	2.41821e-05
121.2	2.41821e-05
121.3	2.41821e-05
121.4	2.41821e-05
121.5	2.41821e-05
121.6	2.41821e-05
121.7	2.41821e-05
121.8	2.41821e-05
121.9	2.41821e-05
122	2.41821e-05
122.1	2.41821e-05
122.2	2.41821e-05
122.3	2.41821e-05
122.4	2.41821e-05
122.5	2.41821e-05
122.6	2.41821e-05
122.7	2.41821e-05
122.8	2.41821e-05
122.9	2.41821e-05
123	2.41821e-05
123.1	2.41821e-05
123.2	2.41821e-05
123.3	2.41821e-05
123.4	2.41821e-05
123.5	2.41821e-05
123.6	2.41821e-05
123.7	2.41821e-05
123.8	2.41821e-05
123.9	2.41821e-05
124	2.41821e-05
124.1	2.41821e-05
124.2	2.41821e-05
124.3	2.41821e-05
124.4	2.41821e-05
124.5	2.41821e-05
124.6	2.41821e-05
124.7	2.41821e-05
124.8	2.41821e-05
124.9	2.41821e-05
125	2.41821e-05
125.1	2.41821e-05
125.2	2.41821e-05
125.3	2.41821e-05
125.4	2.41821e-05
125.5	2.41821e-05
125.6	2.41821e-05
125.7	2.41821e-05
125.8	2.41821e-05
125.9	2.41821e-05
126	2.41821e-05
126.1	2.41821e-05
126.2	2.41821e-05
126.3	2.41821e-05
126.4	2.41821e-05
126.5	2.41821e-05
126.6	2.41821e-05
126.7	2.41821e-05
126.8	2.41821e-05
126.9	2.41821e-05
127	2.41821e-05
127.1	2.41821e-05
127.2	2.41821e-05
127.3	2.41821e-05
127.4	2.41821e-05
127.5	2.41821e-05
127.6	2.41821e-05
127.7	2.41821e-05
127.8	2.41821e-05
127.9	2.41821e-05
128	2.41821e-05
128.1	2.41821e-05
128.2	2.41821e-05
128.3	2.41821e-05
128.4	2.41821e-05
128.5	2.41821e-05
128.6	2.41821e-05
128.7	2.41821e-05
128.8	2.41821e-05
128.9	2.41821e-05
129	2.41821e-05
129.1	2.41821e-05
129.2	2.41821e-05
129.3	2.41821e-05
129.4	2.41821e-05
129.5	2.41821e-05
129.6	2.41821e-05
129.7	2.41821e-05
129.8	2.41821e-05
129.9	2.41821e-05
130	2.41821e-05
130.1	2.41821e-05
130.2	2.41821e-05
130.3	2.41821e-05
130.4	2.41821e-05
130.5	2.41821e-05
130.6	2.41821e-05
130.7	2.41821e-05
130.8	2.41821e-05
130.9	2.41821e-05
131	2.41821e-05
131.1	2.41821e-05
131.2	2.41821e-05
131.3	2.41821e-05
131.4	2.41821e-05
131.5	2.41821e-05
131.6	2.41821e-05
131.7	2.41821e-05
131.8	2.41821e-05
131.9	2.41821e-05
132	2.41821e-05
132.1	2.41821e-05
132.2	2.41821e-05
132.3	2.41821e-05
132.4	2.41821e-05
132.5	2.41821e-05
132.6	2.41821e-05
132.7	2.41821e-05
132.8	2.41821e-05
132.9	2.41821e-05
133	2.41821e-05
133.1	2.41821e-05
133.2	2.41821e-05
133.3	2.41821e-05
133.4	2.41821e-05
133.5	2.41821e-05
133.6	2.41821e-05
133.7	2.41821e-05
133.8	2.41821e-05
133.9	2.41821e-05
134	2.41821e-05
134.1	2.41821e-05
134.2	2.41821e-05
134.3	2.41821e-05
134.4	2.41821e-05
134.5	2.41821e-05
134.6	2.41821e-05
134.7	2.41821e-05
134.8	2.41821e-05
134.9	2.41821e-05
135	2.41821e-05
135.1	2.41821e-05
135.2	2.41821e-05
135.3	2.41821e-05
135.4	2.41821e-05
135.5	2.41821e-05
135.6	2.41821e-05
135.7	2.41821e-05
135.8	2.41821e-05
135.9	2.41821e-05
136	2.41821e-05
136.1	2.41821e-05
136.2	2.41821e-05
136.3	2.41821e-05
136.4	2.41821e-05
136.5	2.41821e-05
136.6	2.41821e-05
136.7	2.41821e-05
136.8	2.41821e-05
136.9	2.41821e-05
137	2.41821e-05
137.1	2.41821e-05
137.2	2.41821e-05
137.3	2.41821e-05
137.4	2.41821e-05
137.5	2.41821e-05
137.6	2.41821e-05
137.7	2.41821e-05
137.8	2.41821e-05
137.9	2.41821e-05
138	2.41821e-05
138.1	2.41821e-05
138.2	2.41821e-05
138.3	2.41821e-05
138.4	2.41821e-05
138.5	2.41821e-05
138.6	2.41821e-05
138.7	2.41821e-05
138.8	2.41821e-05
138.9	2.41821e-05
139	2.41821e-05
139.1	2.41821e-05
139.2	2.41821e-05
139.3	2.41821e-05
139.4	2.41821e-05
139.5	2.41821e-05
139.6	2.41821e-05
139.7	2.41821e-05
139.8	2.41821e-05
139.9	2.41821e-05
140	2.41821e-05
140.1	2.41821e-05
140.2	2.41821e-05
140.3	2.41821e-05
140.4	2.41821e-05
140.5	2.41821e-05
140.6	2.41821e-05
140.7	2.41821e-05
140.8	2.41821e-05
140.9	2.41821e-05
141	2.41821e-05
141.1	2.41821e-05
141.2	2.41821e-05
141.3	2.41821e-05
141.4	2.41821e-05
141.5	2.41821e-05
141.6	2.41821e-05
141.7	2.41821e-05
141.8	2.41821e-05
141.9	2.41821e-05
142	2.41821e-05
142.1	2.41821e-05
142.2	2.41821e-05
142.3	2.41821e-05
142.4	2.41821e-05
142.5	2.41821e-05
142.6	2.41821e-05
142.7	2.41821e-05
142.8	2.41821e-05
142.9	2.41821e-05
143	2.41821e-05
143.1	2.41821e-05
143.2	2.41821e-05
143.3	2.41821e-05
143.4	2.41821e-05
143.5	2.41821e-05
143.6	2.41821e-05
143.7	2.41821e-05
143.8	2.41821e-05
143.9	2.41821e-05
144	2.41821e-05
144.1	2.41821e-05
144.2	2.41821e-05
144.3	2.41821e-05
144.4	2.41821e-05
144.5	2.41821e-05
144.6	2.41821e-05
144.7	2.41821e-05
144.8	2.41821e-05
144.9	2.41821e-05
145	2.41821e-05
145.1	2.41821e-05
145.2	2.41821e-05
145.3	2.41821e-05
145.4	2.41821e-05
145.5	2.41821e-05
145.6	2.41821e-05
145.7	2.41821e-05
145.8	2.41821e-05
145.9	2.41821e-05
146	2.41821e-05
146.1	2.41821e-05
146.2	2.41821e-05
146.3	2.41821e-05
146.4	2.41821e-05
146.5	2.41821e-05
146.6	2.41821e-05
146.7	2.41821e-05
146.8	2.41821e-05
146.9	2.41821e-05
147	2.41821e-05
147.1	2.41821e-05
147.2	2.41821e-05
147.3	2.41821e-05
147.4	2.41821e-05
147.5	2.41821e-05
147.6	2.41821e-05
147.7	2.41821e-05
147.8	2.41821e-05
147.9	2.41821e-05
148	2.41821e-05
148.1	2.41821e-05
148.2	2.41821e-05
148.3	2.41821e-05
148.4	2.41821e-05
148.5	2.41821e-05
148.6	2.41821e-05
148.7	2.41821e-05
148.8	2.41821e-05
148.9	2.41821e-05
149	2.41821e-05
149.1	2.41821e-05
149.2	2.41821e-05
149.3	2.41821e-05
149.4	2.41821e-05
149.5	2.41821e-05
149.6	2.41821e-05
149.7	2.41821e-05
149.8	2.41821e-05
149.9	2.41821e-05
150	2.41821e-05
150.1	2.41821e-05
150.2	2.41821e-05
150.3	2.41821e-05
150.4	2.41821e-05
150.5	2.41821e-05
150.6	2.41821e-05
150.7	2.41821e-05
150.8	2.41821e-05
150.9	2.41821e-05
151	2.41821e-05
151.1	2.41821e-05
151.2	2.41821e-05
151.3	2.41821e-05
151.4	2.41821e-05
151.5	2.41821e-05
151.6	2.41821e-05
151.7	2.41821e-05
151.8	2.41821e-05
151.9	2.41821e-05
152	2.41821e-05
152.1	2.41821e-05
152.2	2.41821e-05
152.3	2.41821e-05
152.4	2.41821e-05
152.5	2.41821e-05
152.6	2.41821e-05
152.7	2.41821e-05
152.8	2.41821e-05
152.9	2.41821e-05
153	2.41821e-05
153.1	2.41821e-05
153.2	2.41821e-05
153.3	2.41821e-05
153.4	2.41821e-05
153.5	2.41821e-05
153.6	2.41821e-05
153.7	2.41821e-05
153.8	2.41821e-05
153.9	2.41821e-05
154	2.41821e-05
154.1	2.41821e-05
154.2	2.41821e-05
154.3	2.41821e-05
154.4	2.41821e-05
154.5	2.41821e-05
154.6	2.41821e-05
154.7	2.41821e-05
154.8	2.41821e-05
154.9	2.41821e-05
155	2.41821e-05
155.1	2.41821e-05
155.2	2.41821e-05
155.3	2.41821e-05
155.4	2.41821e-05
155.5	2.41821e-05
155.6	2.41821e-05
155.7	2.41821e-05
155.8	2.41821e-05
155.9	2.41821e-05
156	2.41821e-05
156.1	2.41821e-05
156.2	2.41821e-05
156.3	2.41821e-05
156.4	2.41821e-05
156.5	2.41821e-05
156.6	2.41821e-05
156.7	2.41821e-05
156.8	2.41821e-05
156.9	2.41821e-05
157	2.41821e-05
157.1	2.41821e-05
157.2	2.41821e-05
157.3	2.41821e-05
157.4	2.41821e-05
157.5	2.41821e-05
157.6	2.41821e-05
157.7	2.41821e-05
157.8	2.41821e-05
157.9	2.41821e-05
158	2.41821e-05
158.1	2.41821e-05
158.2	2.41821e-05
158.3	2.41821e-05
158.4	2.41821e-05
158.5	2.41821e-05
158.6	2.41821e-05
158.7	2.41821e-05
158.8	2.41821e-05
158.9	2.41821e-05
159	2.42701e-05
159.1	3.10288e-05
159.2	0.000138918
159.3	0.000753324
159.4	0.00242247
159.5	0.00510315
159.6	0.00822732
159.7	0.0114295
159.8	0.0146175
159.9	0.0177651
160	0.0208708
160.1	0.023945
160.2	0.026996
160.3	0.0300284
160.4	0.0330461
160.5	0.0360547
160.6	0.0390599
160.7	0.0420639
160.8	0.0450676
160.9	0.0480726
161	0.0510832
161.1	0.054105
161.2	0.057138
161.3	0.0601771
161.4	0.0632188
161.5	0.0662659
161.6	0.0693243
161.7	0.0723943
161.8	0.0754734
161.9	0.0785638
162	0.081665
162.1	0.0847746
162.2	0.087899
162.3	0.0910434
162.4	0.0942016
162.5	0.097367
162.6	0.100545
162.7	0.103742
162.8	0.106951
162.9	0.110165
163	0.11339
163.1	0.116638
163.2	0.119911
163.3	0.123205
163.4	0.126509
163.5	0.129815
163.6	0.13313
163.7	0.136464
163.8	0.139821
163.9	0.143196
164	0.146579
164.1	0.149961
164.2	0.153349
164.3	0.156755
164.4	0.160181
164.5	0.163628
164.6	0.16709
164.7	0.170556
164.8	0.17402
164.9	0.177488
165	0.180971
165.1	0.184471
165.2	0.18799
165.3	0.191525
165.4	0.195073
165.5	0.19863
165.6	0.202192
165.7	0.205753
165.8	0.209317
165.9	0.212893
166	0.216484
166.1	0.22009
166.2	0.22371
166.3	0.227345
166.4	0.230993
166.5	0.234653
166.6	0.238327
166.7	0.242013
166.8	0.24571
166.9	0.249406
167	0.253096
167.1	0.256786
167.2	0.260485
167.3	0.264195
167.4	0.267917
167.5	0.271649
167.6	0.275392
167.7	0.279146
167.8	0.28291
167.9	0.286684
168	0.290467
168.1	0.29426
168.2	0.298062
168.3	0.301872
168.4	0.305691
168.5	0.309517
168.6	0.313352
168.7	0.317193
168.8	0.321043
168.9	0.324899
169	0.328762
169.1	0.332634
169.2	0.336533
169.3	0.340305
169.4	0.342883
169.5	0.342829
169.6	0.340318
169.7	0.336641
169.8	0.332789
169.9	0.329085
170	0.325533
170.1	0.3221
170.2	0.318739
170.3	0.315429
170.4	0.312167
170.5	0.308948
170.6	0.305759
170.7	0.302587
170.8	0.299459
170.9	0.296435
171	0.293388
171.1	0.290127
171.2	0.28682
171.3	0.283588
171.4	0.280382
171.5	0.27718
171.6	0.273971
171.7	0.270743
171.8	0.267495
171.9	0.264231
172	0.260947
172.1	0.257645
172.2	0.254331
172.3	0.250994
172.4	0.247624
172.5	0.244233
172.6	0.240833
172.7	0.237409
172.8	0.233947
172.9	0.230462
173	0.226971
173.1	0.223459
173.2	0.2199
173.3	0.216288
173.4	0.212631
173.5	0.208956
173.6	0.205282
173.7	0.201593
173.8	0.197864
173.9	0.194087
174	0.190273
174.1	0.186447
174.2	0.182628
174.3	0.178799
174.4	0.174936
174.5	0.171031
174.6	0.167084
174.7	0.163108
174.8	0.15913
174.9	0.155172
175	0.151215
175.1	0.14723
175.2	0.14321
175.3	0.139152
175.4	0.13506
175.5	0.130934
175.6	0.126783
175.7	0.122628
175.8	0.118487
175.9	0.114352
176	0.110203
176.1	0.106031
176.2	0.101836
176.3	0.0976168
176.4	0.0933721
176.5	0.0891027
176.6	0.0848071
176.7	0.0804849
176.8	0.0760954
176.9	0.0715092
177	0.0667812
177.1	0.0622281
177.2	0.0578767
177.3	0.0535698
177.4	0.0492546
177.5	0.0449295
177.6	0.0405944
177.7	0.0362519
177.8	0.0319114
177.9	0.027584
178	0.0232867
178.1	0.0190519
178.2	0.0149602
178.3	0.0112409
178.4	0.00842949
178.5	0.00731057
178.6	0.00833018
178.7	0.011099
178.8	0.0148279
178.9	0.0189712
179	0.0232885
179.1	0.0276801
179.2	0.0321099
179.3	0.036301
179.4	0.0390281
179.5	0.0390848
179.6	0.0369478
179.7	0.0339574
179.8	0.0315129
179.9	0.0298307
180	0.0284309
180.1	0.0271191
180.2	0.0258582
180.3	0.0246495
180.4	0.0236402
180.5	0.0232643
180.6	0.0234
180.7	0.0230668
180.8	0.0221026
180.9	0.0209401
181	0.0196018
181.1	0.017689
181.2	0.0153377
181.3	0.0134764
181.4	0.0122214
181.5	0.0111439
181.6	0.0101079
181.7	0.00912621
181.8	0.00822911
181.9	0.0074538
182	0.00685484
182.1	0.00650048
182.2	0.0064408
182.3	0.00668602
182.4	0.00721295
182.5	0.00797768
182.6	0.00894137
182.7	0.0100691
182.8	0.0113201
182.9	0.0126658
183	0.014102
183.1	0.0156298
183.2	0.0172393
183.3	0.0189159
183.4	0.0206344
183.5	0.0223683
183.6	0.0241314
183.7	0.0259638
183.8	0.0278763
183.9	0.0298518
184	0.0318594
184.1	0.0338817
184.2	0.0359348
184.3	0.038035
184.4	0.0401356
184.5	0.0420924
184.6	0.0439387
184.7	0.0459619
184.8	0.0481881
184.9	0.0504869
185	0.0528271
185.1	0.0552153
185.2	0.0576542
185.3	0.0601436
185.4	0.0626768
185.5	0.0652464
185.6	0.0678477
185.7	0.0704727
185.8	0.0731286
185.9	0.0758284
186	0.0785798
186.1	0.0813887
186.2	0.0842442
186.3	0.0871316
186.4	0.0900583
186.5	0.0930359
186.6	0.0960709
186.7	0.0991655
186.8	0.102359
186.9	0.105768
187	0.109336
187.1	0.112776
187.2	0.116047
187.3	0.119299
187.4	0.1226
187.5	0.125957
187.6	0.129366
187.7	0.132811
187.8	0.13629
187.9	0.139805
188	0.143336
188.1	0.1468
188.2	0.149957
188.3	0.152883
188.4	0.156129
188.5	0.159741
188.6	0.163464
188.7	0.167228
188.8	0.171029
188.9	0.174863
189	0.178719
189.1	0.182597
189.2	0.186579
189.3	0.19084
189.4	0.194974
189.5	0.198223
189.6	0.20069
189.7	0.202711
189.8	0.204689
189.9	0.206733
190	0.208793
190.1	0.211077
190.2	0.213593
190.3	0.216205
190.4	0.218872
190.5	0.221594
190.6	0.224363
190.7	0.227172
190.8	0.230058
190.9	0.233101
191	0.236144
191.1	0.238955
191.2	0.241751
191.3	0.244684
191.4	0.247697
191.5	0.250752
191.6	0.253809
191.7	0.256852
191.8	0.259902
191.9	0.262969
192	0.266039
192.1	0.269126
192.2	0.272244
192.3	0.275392
192.4	0.278566
192.5	0.281734
192.6	0.284883
192.7	0.288022
192.8	0.291147
192.9	0.294251
193	0.297342
193.1	0.300416
193.2	0.30348
193.3	0.306568
193.4	0.309659
193.5	0.312707
193.6	0.315707
193.7	0.318673
193.8	0.321603
193.9	0.324499
194	0.327382
194.1	0.330348
194.2	0.333666
194.3	0.337273
194.4	0.340545
194.5	0.343383
194.6	0.346067
194.7	0.348697
194.8	0.35128
194.9	0.353813
195	0.356281
195.1	0.358676
195.2	0.361007
195.3	0.363278
195.4	0.365477
195.5	0.3676
195.6	0.36964
195.7	0.371587
195.8	0.373446
195.9	0.375221
196	0.376908
196.1	0.378508
196.2	0.380028
196.3	0.381472
196.4	0.382817
196.5	0.384042
196.6	0.385183
196.7	0.386217
196.8	0.387119
196.9	0.387946
197	0.388743
197.1	0.389442
197.2	0.389987
197.3	0.390388
197.4	0.390669
197.5	0.390837
197.6	0.390889
197.7	0.390839
197.8	0.390705
197.9	0.390474
198	0.390064
198.1	0.389484
198.2	0.38954
198.3	0.390578
198.4	0.391078
198.5	0.390596
198.6	0.389773
198.7	0.388826
198.8	0.387769
198.9	0.386621
199	0.385407
199.1	0.384143
199.2	0.382853
199.3	0.381552
199.4	0.380179
199.5	0.378616
199.6	0.376826
199.7	0.374892
199.8	0.37297
199.9	0.371066
200	0.369084
200.1	0.367014
200.2	0.364904
200.3	0.362774
200.4	0.360631
200.5	0.358509
200.6	0.356384
200.7	0.354147
200.8	0.351803
200.9	0.349401
201	0.346937
201.1	0.344352
201.2	0.341674
201.3	0.339048
201.4	0.336494
201.5	0.333968
201.6	0.331436
201.7	0.328881
201.8	0.326308
201.9	0.323721
202	0.321105
202.1	0.318435
202.2	0.315717
202.3	0.312986
202.4	0.310253
202.5	0.30752
202.6	0.304793
202.7	0.302074
202.8	0.299354
202.9	0.296618
203	0.293851
203.1	0.291056
203.2	0.288254
203.3	0.285458
203.4	0.282673
203.5	0.279907
203.6	0.277151
203.7	0.274389
203.8	0.271614
203.9	0.26884
204	0.266083
204.1	0.263327
204.2	0.260551
204.3	0.257766
204.4	0.255002
204.5	0.252247
204.6	0.249489
204.7	0.246771
204.8	0.244075
204.9	0.241376
205	0.238692
205.1	0.236046
205.2	0.233444
205.3	0.230875
205.4	0.228328
205.5	0.225813
205.6	0.223348
205.7	0.22094
205.8	0.218577
205.9	0.216244
206	0.213938
206.1	0.211671
206.2	0.209443
206.3	0.207251
206.4	0.20511
206.5	0.203037
206.6	0.201028
206.7	0.199065
206.8	0.197131
206.9	0.195198
207	0.193191
207.1	0.190932
207.2	0.188535
207.3	0.186528
207.4	0.184945
207.5	0.183515
207.6	0.182142
207.7	0.180812
207.8	0.179527
207.9	0.178308
208	0.177344
208.1	0.177093
208.2	0.177042
208.3	0.176027
208.4	0.17466
208.5	0.173623
208.6	0.172762
208.7	0.17197
208.8	0.171233
208.9	0.170548
209	0.170548
