0.1	2.41821e-05
0.2	2.41821e-05
0.3	2.41821e-05
0.4	2.41821e-05
0.5	2.41821e-05
0.6	2.41821e-05
0.7	2.41821e-05
0.8	2.41821e-05
0.9	2.41821e-05
1	2.41821e-05
1.1	2.41821e-05
1.2	2.41821e-05
1.3	2.41821e-05
1.4	2.41821e-05
1.5	2.41821e-05
1.6	2.41821e-05
1.7	2.41821e-05
1.8	2.41821e-05
1.9	2.41821e-05
2	2.41821e-05
2.1	2.41821e-05
2.2	2.41821e-05
2.3	2.41821e-05
2.4	2.41821e-05
2.5	2.41821e-05
2.6	2.41821e-05
2.7	2.41821e-05
2.8	2.41821e-05
2.9	2.41821e-05
3	2.41821e-05
3.1	2.41821e-05
3.2	2.41821e-05
3.3	2.41821e-05
3.4	2.41821e-05
3.5	2.41821e-05
3.6	2.41821e-05
3.7	2.41821e-05
3.8	2.41821e-05
3.9	2.41821e-05
4	2.41821e-05
4.1	2.41821e-05
4.2	2.41821e-05
4.3	2.41821e-05
4.4	2.41821e-05
4.5	2.41821e-05
4.6	2.41821e-05
4.7	2.41821e-05
4.8	2.41821e-05
4.9	2.41821e-05
5	2.41821e-05
5.1	2.41821e-05
5.2	2.41821e-05
5.3	2.41821e-05
5.4	2.41821e-05
5.5	2.41821e-05
5.6	2.41821e-05
5.7	2.41821e-05
5.8	2.41821e-05
5.9	2.41821e-05
6	2.41821e-05
6.1	2.41821e-05
6.2	2.41821e-05
6.3	2.41821e-05
6.4	2.41821e-05
6.5	2.41821e-05
6.6	2.41821e-05
6.7	2.41821e-05
6.8	2.41821e-05
6.9	2.41821e-05
7	2.41821e-05
7.1	2.41821e-05
7.2	2.41821e-05
7.3	2.41821e-05
7.4	2.41821e-05
7.5	2.41821e-05
7.6	2.41821e-05
7.7	2.41821e-05
7.8	2.41821e-05
7.9	2.41821e-05
8	2.41821e-05
8.1	2.41821e-05
8.2	2.41821e-05
8.3	2.41821e-05
8.4	2.41821e-05
8.5	2.41821e-05
8.6	2.41821e-05
8.7	2.41821e-05
8.8	2.41821e-05
8.9	2.41821e-05
9	2.41821e-05
9.1	2.41821e-05
9.2	2.41821e-05
9.3	2.41821e-05
9.4	2.41821e-05
9.5	2.41821e-05
9.6	2.41821e-05
9.7	2.41821e-05
9.8	2.41821e-05
9.9	2.41821e-05
10	2.41821e-05
10.1	2.41821e-05
10.2	2.41821e-05
10.3	2.41821e-05
10.4	2.41821e-05
10.5	2.41821e-05
10.6	2.41821e-05
10.7	2.41821e-05
10.8	2.41821e-05
10.9	2.41821e-05
11	2.41821e-05
11.1	2.41821e-05
11.2	2.41821e-05
11.3	2.41821e-05
11.4	2.41821e-05
11.5	2.41821e-05
11.6	2.41821e-05
11.7	2.41821e-05
11.8	2.41821e-05
11.9	2.41821e-05
12	2.41821e-05
12.1	2.41821e-05
12.2	2.41821e-05
12.3	2.41821e-05
12.4	2.41821e-05
12.5	2.41821e-05
12.6	2.41821e-05
12.7	2.41821e-05
12.8	2.41821e-05
12.9	2.41821e-05
13	2.41821e-05
13.1	2.41821e-05
13.2	2.41821e-05
13.3	2.41821e-05
13.4	2.41821e-05
13.5	2.41821e-05
13.6	2.41821e-05
13.7	2.41821e-05
13.8	2.41821e-05
13.9	2.41821e-05
14	2.41821e-05
14.1	2.41821e-05
14.2	2.41821e-05
14.3	2.41821e-05
14.4	2.41821e-05
14.5	2.41821e-05
14.6	2.41821e-05
14.7	2.41821e-05
14.8	2.41821e-05
14.9	2.41821e-05
15	2.41821e-05
15.1	2.41821e-05
15.2	2.41821e-05
15.3	2.41821e-05
15.4	2.41821e-05
15.5	2.41821e-05
15.6	2.41821e-05
15.7	2.41821e-05
15.8	2.41821e-05
15.9	2.41821e-05
16	2.41821e-05
16.1	2.41821e-05
16.2	2.41821e-05
16.3	2.41821e-05
16.4	2.41821e-05
16.5	2.41821e-05
16.6	2.41821e-05
16.7	2.41821e-05
16.8	2.41821e-05
16.9	2.41821e-05
17	2.41821e-05
17.1	2.41821e-05
17.2	2.41821e-05
17.3	2.41821e-05
17.4	2.41821e-05
17.5	2.41821e-05
17.6	2.41821e-05
17.7	2.41821e-05
17.8	2.41821e-05
17.9	2.41821e-05
18	2.41821e-05
18.1	2.41821e-05
18.2	2.41821e-05
18.3	2.41821e-05
18.4	2.41821e-05
18.5	2.41821e-05
18.6	2.41821e-05
18.7	2.41821e-05
18.8	2.41821e-05
18.9	2.41821e-05
19	2.41821e-05
19.1	2.41821e-05
19.2	2.41821e-05
19.3	2.41821e-05
19.4	2.41821e-05
19.5	2.41821e-05
19.6	2.41821e-05
19.7	2.41821e-05
19.8	2.41821e-05
19.9	2.41821e-05
20	2.41821e-05
20.1	2.41821e-05
20.2	2.41821e-05
20.3	2.41821e-05
20.4	2.41821e-05
20.5	2.41821e-05
20.6	2.41821e-05
20.7	2.41821e-05
20.8	2.41821e-05
20.9	2.41821e-05
21	2.41821e-05
21.1	2.41821e-05
21.2	2.41821e-05
21.3	2.41821e-05
21.4	2.41821e-05
21.5	2.41821e-05
21.6	2.41821e-05
21.7	2.41821e-05
21.8	2.41821e-05
21.9	2.41821e-05
22	2.41821e-05
22.1	2.41821e-05
22.2	2.41821e-05
22.3	2.41821e-05
22.4	2.41821e-05
22.5	2.41821e-05
22.6	2.41821e-05
22.7	2.41821e-05
22.8	2.41821e-05
22.9	2.41821e-05
23	2.41821e-05
23.1	2.41821e-05
23.2	2.41821e-05
23.3	2.41821e-05
23.4	2.41821e-05
23.5	2.41821e-05
23.6	2.41821e-05
23.7	2.41821e-05
23.8	2.41821e-05
23.9	2.41821e-05
24	2.41821e-05
24.1	2.41821e-05
24.2	2.41821e-05
24.3	2.41821e-05
24.4	2.41821e-05
24.5	2.41821e-05
24.6	2.41821e-05
24.7	2.41821e-05
24.8	2.41821e-05
24.9	2.41821e-05
25	2.41821e-05
25.1	2.41821e-05
25.2	2.41821e-05
25.3	2.41821e-05
25.4	2.41821e-05
25.5	2.41821e-05
25.6	2.41821e-05
25.7	2.41821e-05
25.8	2.41821e-05
25.9	2.41821e-05
26	2.41821e-05
26.1	2.41821e-05
26.2	2.41821e-05
26.3	2.41821e-05
26.4	2.41821e-05
26.5	2.41821e-05
26.6	2.41821e-05
26.7	2.41821e-05
26.8	2.41821e-05
26.9	2.41821e-05
27	2.41821e-05
27.1	2.41821e-05
27.2	2.41821e-05
27.3	2.41821e-05
27.4	2.41821e-05
27.5	2.41821e-05
27.6	2.41821e-05
27.7	2.41821e-05
27.8	2.41821e-05
27.9	2.41821e-05
28	2.41821e-05
28.1	2.41821e-05
28.2	2.41821e-05
28.3	2.41821e-05
28.4	2.41821e-05
28.5	2.41821e-05
28.6	2.41821e-05
28.7	2.41821e-05
28.8	2.41821e-05
28.9	2.41821e-05
29	2.41821e-05
29.1	2.41821e-05
29.2	2.41821e-05
29.3	2.41821e-05
29.4	2.41821e-05
29.5	2.41821e-05
29.6	2.41821e-05
29.7	2.41821e-05
29.8	2.41821e-05
29.9	2.41821e-05
30	2.41821e-05
30.1	2.41821e-05
30.2	2.41821e-05
30.3	2.41821e-05
30.4	2.41821e-05
30.5	2.41821e-05
30.6	2.41821e-05
30.7	2.41821e-05
30.8	2.41821e-05
30.9	2.41821e-05
31	2.41821e-05
31.1	2.41821e-05
31.2	2.41821e-05
31.3	2.41821e-05
31.4	2.41821e-05
31.5	2.41821e-05
31.6	2.41821e-05
31.7	2.41821e-05
31.8	2.41821e-05
31.9	2.41821e-05
32	2.41821e-05
32.1	2.41821e-05
32.2	2.41821e-05
32.3	2.41821e-05
32.4	2.41821e-05
32.5	2.41821e-05
32.6	2.41821e-05
32.7	2.41821e-05
32.8	2.41821e-05
32.9	2.41821e-05
33	2.41821e-05
33.1	2.41821e-05
33.2	2.41821e-05
33.3	2.41821e-05
33.4	2.41821e-05
33.5	2.41821e-05
33.6	2.41821e-05
33.7	2.41821e-05
33.8	2.41821e-05
33.9	2.41821e-05
34	2.41821e-05
34.1	2.41821e-05
34.2	2.41821e-05
34.3	2.41821e-05
34.4	2.41821e-05
34.5	2.41821e-05
34.6	2.41821e-05
34.7	2.41821e-05
34.8	2.41821e-05
34.9	2.41821e-05
35	2.41821e-05
35.1	2.41821e-05
35.2	2.41821e-05
35.3	2.41821e-05
35.4	2.41821e-05
35.5	2.41821e-05
35.6	2.41821e-05
35.7	2.41821e-05
35.8	2.41821e-05
35.9	2.41821e-05
36	2.41821e-05
36.1	2.41821e-05
36.2	2.41821e-05
36.3	2.41821e-05
36.4	2.41821e-05
36.5	2.41821e-05
36.6	2.41821e-05
36.7	2.41821e-05
36.8	2.41821e-05
36.9	2.41821e-05
37	2.41821e-05
37.1	2.41821e-05
37.2	2.41821e-05
37.3	2.41821e-05
37.4	2.41821e-05
37.5	2.41821e-05
37.6	2.41821e-05
37.7	2.41821e-05
37.8	2.41821e-05
37.9	2.41821e-05
38	2.41821e-05
38.1	2.41821e-05
38.2	2.41821e-05
38.3	2.41821e-05
38.4	2.41821e-05
38.5	2.41821e-05
38.6	2.41821e-05
38.7	2.41821e-05
38.8	2.41821e-05
38.9	2.41821e-05
39	2.41821e-05
39.1	2.41821e-05
39.2	2.41821e-05
39.3	2.41821e-05
39.4	2.41821e-05
39.5	2.41821e-05
39.6	2.41821e-05
39.7	2.41821e-05
39.8	2.41821e-05
39.9	2.41821e-05
40	2.41821e-05
40.1	2.41821e-05
40.2	2.41821e-05
40.3	2.41821e-05
40.4	2.41821e-05
40.5	2.41821e-05
40.6	2.41821e-05
40.7	2.41821e-05
40.8	2.41821e-05
40.9	2.41821e-05
41	2.41821e-05
41.1	2.41821e-05
41.2	2.41821e-05
41.3	2.41821e-05
41.4	2.41821e-05
41.5	2.41821e-05
41.6	2.41821e-05
41.7	2.41821e-05
41.8	2.41821e-05
41.9	2.41821e-05
42	2.41821e-05
42.1	2.41821e-05
42.2	2.41821e-05
42.3	2.41821e-05
42.4	2.41821e-05
42.5	2.41821e-05
42.6	2.41821e-05
42.7	2.41821e-05
42.8	2.41821e-05
42.9	2.41821e-05
43	2.41821e-05
43.1	2.41821e-05
43.2	2.41821e-05
43.3	2.41821e-05
43.4	2.41821e-05
43.5	2.41821e-05
43.6	2.41821e-05
43.7	2.41821e-05
43.8	2.41821e-05
43.9	2.41821e-05
44	2.41821e-05
44.1	2.41821e-05
44.2	2.41821e-05
44.3	2.41821e-05
44.4	2.41821e-05
44.5	2.41821e-05
44.6	2.41821e-05
44.7	2.41821e-05
44.8	2.41821e-05
44.9	2.41821e-05
45	2.41821e-05
45.1	2.41821e-05
45.2	2.41821e-05
45.3	2.41821e-05
45.4	2.41821e-05
45.5	2.41821e-05
45.6	2.41821e-05
45.7	2.41821e-05
45.8	2.41821e-05
45.9	2.41821e-05
46	2.41821e-05
46.1	2.41821e-05
46.2	2.41821e-05
46.3	2.41821e-05
46.4	2.41821e-05
46.5	2.41821e-05
46.6	2.41821e-05
46.7	2.41821e-05
46.8	2.41821e-05
46.9	2.41821e-05
47	2.41821e-05
47.1	2.41821e-05
47.2	2.41821e-05
47.3	2.41821e-05
47.4	2.41821e-05
47.5	2.41821e-05
47.6	2.41821e-05
47.7	2.41821e-05
47.8	2.41821e-05
47.9	2.41821e-05
48	2.41821e-05
48.1	2.41821e-05
48.2	2.41821e-05
48.3	2.41821e-05
48.4	2.41821e-05
48.5	2.41821e-05
48.6	2.41821e-05
48.7	2.41821e-05
48.8	2.41821e-05
48.9	2.41821e-05
49	2.41821e-05
49.1	2.41821e-05
49.2	2.41821e-05
49.3	2.41821e-05
49.4	2.41821e-05
49.5	2.41821e-05
49.6	2.41821e-05
49.7	2.41821e-05
49.8	2.41821e-05
49.9	2.41821e-05
50	2.41821e-05
50.1	2.41821e-05
50.2	2.41821e-05
50.3	2.41821e-05
50.4	2.41821e-05
50.5	2.41821e-05
50.6	2.41821e-05
50.7	2.41821e-05
50.8	2.41821e-05
50.9	2.41821e-05
51	2.41821e-05
51.1	2.41821e-05
51.2	2.41821e-05
51.3	2.41821e-05
51.4	2.41821e-05
51.5	2.41821e-05
51.6	2.41821e-05
51.7	2.41821e-05
51.8	2.41821e-05
51.9	2.41821e-05
52	2.41821e-05
52.1	2.41821e-05
52.2	2.41821e-05
52.3	2.41821e-05
52.4	2.41821e-05
52.5	2.41821e-05
52.6	2.41821e-05
52.7	2.41821e-05
52.8	2.41821e-05
52.9	2.41821e-05
53	2.41821e-05
53.1	2.41821e-05
53.2	2.41821e-05
53.3	2.41821e-05
53.4	2.41821e-05
53.5	2.41821e-05
53.6	2.41821e-05
53.7	2.41821e-05
53.8	2.41821e-05
53.9	2.41821e-05
54	2.41821e-05
54.1	2.41821e-05
54.2	2.41821e-05
54.3	2.41821e-05
54.4	2.41821e-05
54.5	2.41821e-05
54.6	2.41821e-05
54.7	2.41821e-05
54.8	2.41821e-05
54.9	2.41821e-05
55	2.41821e-05
55.1	2.41821e-05
55.2	2.41821e-05
55.3	2.41821e-05
55.4	2.41821e-05
55.5	2.41821e-05
55.6	2.41821e-05
55.7	2.41821e-05
55.8	2.41821e-05
55.9	2.41821e-05
56	2.41821e-05
56.1	2.41821e-05
56.2	2.41821e-05
56.3	2.41821e-05
56.4	2.41821e-05
56.5	2.41821e-05
56.6	2.41821e-05
56.7	2.41821e-05
56.8	2.41821e-05
56.9	2.41821e-05
57	2.41821e-05
57.1	2.41821e-05
57.2	2.41821e-05
57.3	2.41821e-05
57.4	2.41821e-05
57.5	2.41821e-05
57.6	2.41821e-05
57.7	2.41821e-05
57.8	2.41821e-05
57.9	2.41821e-05
58	2.41821e-05
58.1	2.41821e-05
58.2	2.41821e-05
58.3	2.41821e-05
58.4	2.41821e-05
58.5	2.41821e-05
58.6	2.41821e-05
58.7	2.41821e-05
58.8	2.41821e-05
58.9	2.41821e-05
59	2.41821e-05
59.1	2.41821e-05
59.2	2.41821e-05
59.3	2.41821e-05
59.4	2.41821e-05
59.5	2.41821e-05
59.6	2.41821e-05
59.7	2.41821e-05
59.8	2.41821e-05
59.9	2.41821e-05
60	2.41821e-05
60.1	2.41821e-05
60.2	2.41821e-05
60.3	2.41821e-05
60.4	2.41821e-05
60.5	2.41821e-05
60.6	2.41821e-05
60.7	2.41821e-05
60.8	2.41821e-05
60.9	2.41821e-05
61	2.41821e-05
61.1	2.41821e-05
61.2	2.41821e-05
61.3	2.41821e-05
61.4	2.41821e-05
61.5	2.41821e-05
61.6	2.41821e-05
61.7	2.41821e-05
61.8	2.41821e-05
61.9	2.41821e-05
62	2.41821e-05
62.1	2.41821e-05
62.2	2.41821e-05
62.3	2.41821e-05
62.4	2.41821e-05
62.5	2.41821e-05
62.6	2.41821e-05
62.7	2.41821e-05
62.8	2.41821e-05
62.9	2.41821e-05
63	2.41821e-05
63.1	2.41821e-05
63.2	2.41821e-05
63.3	2.41821e-05
63.4	2.41821e-05
63.5	2.41821e-05
63.6	2.41821e-05
63.7	2.41821e-05
63.8	2.41821e-05
63.9	2.41821e-05
64	2.41821e-05
64.1	2.41821e-05
64.2	2.41821e-05
64.3	2.41821e-05
64.4	2.41821e-05
64.5	2.41821e-05
64.6	2.41821e-05
64.7	2.41821e-05
64.8	2.41821e-05
64.9	2.41821e-05
65	2.41821e-05
65.1	2.41821e-05
65.2	2.41821e-05
65.3	2.41821e-05
65.4	2.41821e-05
65.5	2.41821e-05
65.6	2.41821e-05
65.7	2.41821e-05
65.8	2.41821e-05
65.9	2.41821e-05
66	2.41821e-05
66.1	2.41821e-05
66.2	2.41821e-05
66.3	2.41821e-05
66.4	2.41821e-05
66.5	2.41821e-05
66.6	2.41821e-05
66.7	2.41821e-05
66.8	2.41821e-05
66.9	2.41821e-05
67	2.41821e-05
67.1	2.41821e-05
67.2	2.41821e-05
67.3	2.41821e-05
67.4	2.41821e-05
67.5	2.41821e-05
67.6	2.41821e-05
67.7	2.41821e-05
67.8	2.41821e-05
67.9	2.41821e-05
68	2.41821e-05
68.1	2.41821e-05
68.2	2.41821e-05
68.3	2.41821e-05
68.4	2.41821e-05
68.5	2.41821e-05
68.6	2.41821e-05
68.7	2.41821e-05
68.8	2.41821e-05
68.9	2.41821e-05
69	2.41821e-05
69.1	2.41821e-05
69.2	2.41821e-05
69.3	2.41821e-05
69.4	2.41821e-05
69.5	2.41821e-05
69.6	2.41821e-05
69.7	2.41821e-05
69.8	2.41821e-05
69.9	2.41821e-05
70	2.41821e-05
70.1	2.41821e-05
70.2	2.41821e-05
70.3	2.41821e-05
70.4	2.41821e-05
70.5	2.41821e-05
70.6	2.41821e-05
70.7	2.41821e-05
70.8	2.41821e-05
70.9	2.41821e-05
71	2.41821e-05
71.1	2.41821e-05
71.2	2.41821e-05
71.3	2.41821e-05
71.4	2.41821e-05
71.5	2.41821e-05
71.6	2.41821e-05
71.7	2.41821e-05
71.8	2.41821e-05
71.9	2.41821e-05
72	2.41821e-05
72.1	2.41821e-05
72.2	2.41821e-05
72.3	2.41821e-05
72.4	2.41821e-05
72.5	2.41821e-05
72.6	2.41821e-05
72.7	2.41821e-05
72.8	2.41821e-05
72.9	2.41821e-05
73	2.41821e-05
73.1	2.41821e-05
73.2	2.41821e-05
73.3	2.41821e-05
73.4	2.41821e-05
73.5	2.41821e-05
73.6	2.41821e-05
73.7	2.41821e-05
73.8	2.41821e-05
73.9	2.41821e-05
74	2.41821e-05
74.1	2.41821e-05
74.2	2.41821e-05
74.3	2.41821e-05
74.4	2.41821e-05
74.5	2.41821e-05
74.6	2.41821e-05
74.7	2.41821e-05
74.8	2.41821e-05
74.9	2.41821e-05
75	2.41821e-05
75.1	2.41821e-05
75.2	2.41821e-05
75.3	2.41821e-05
75.4	2.41821e-05
75.5	2.41821e-05
75.6	2.41821e-05
75.7	2.41821e-05
75.8	2.41821e-05
75.9	2.41821e-05
76	2.41821e-05
76.1	2.41821e-05
76.2	2.41821e-05
76.3	2.41821e-05
76.4	2.41821e-05
76.5	2.41821e-05
76.6	2.41821e-05
76.7	2.41821e-05
76.8	2.41821e-05
76.9	2.41821e-05
77	2.41821e-05
77.1	2.41821e-05
77.2	2.41821e-05
77.3	2.41821e-05
77.4	2.41821e-05
77.5	2.41821e-05
77.6	2.41821e-05
77.7	2.41821e-05
77.8	2.41821e-05
77.9	2.41821e-05
78	2.41821e-05
78.1	2.41821e-05
78.2	2.41821e-05
78.3	2.41821e-05
78.4	2.41821e-05
78.5	2.41821e-05
78.6	2.41821e-05
78.7	2.41821e-05
78.8	2.41821e-05
78.9	2.41821e-05
79	2.41821e-05
79.1	2.41821e-05
79.2	2.41821e-05
79.3	2.41821e-05
79.4	2.41821e-05
79.5	2.41821e-05
79.6	2.41821e-05
79.7	2.41821e-05
79.8	2.41821e-05
79.9	2.41821e-05
80	2.41821e-05
80.1	2.41821e-05
80.2	2.41821e-05
80.3	2.41821e-05
80.4	2.41821e-05
80.5	2.41821e-05
80.6	2.41821e-05
80.7	2.41821e-05
80.8	2.41821e-05
80.9	2.41821e-05
81	2.41821e-05
81.1	2.41821e-05
81.2	2.41821e-05
81.3	2.41821e-05
81.4	2.41821e-05
81.5	2.41821e-05
81.6	2.41821e-05
81.7	2.41821e-05
81.8	2.41821e-05
81.9	2.41821e-05
82	2.41821e-05
82.1	2.41821e-05
82.2	2.41821e-05
82.3	2.41821e-05
82.4	2.41821e-05
82.5	2.41821e-05
82.6	2.41821e-05
82.7	2.41821e-05
82.8	2.41821e-05
82.9	2.41821e-05
83	2.41821e-05
83.1	2.41821e-05
83.2	2.41821e-05
83.3	2.41821e-05
83.4	2.41821e-05
83.5	2.41821e-05
83.6	2.41821e-05
83.7	2.41821e-05
83.8	2.41821e-05
83.9	2.41821e-05
84	2.41821e-05
84.1	2.41821e-05
84.2	2.41821e-05
84.3	2.41821e-05
84.4	2.41821e-05
84.5	2.41821e-05
84.6	2.41821e-05
84.7	2.41821e-05
84.8	2.41821e-05
84.9	2.41821e-05
85	2.41821e-05
85.1	2.41821e-05
85.2	2.41821e-05
85.3	2.41821e-05
85.4	2.41821e-05
85.5	2.41821e-05
85.6	2.41821e-05
85.7	2.41821e-05
85.8	2.41821e-05
85.9	2.41821e-05
86	2.41821e-05
86.1	2.41821e-05
86.2	2.41821e-05
86.3	2.41821e-05
86.4	2.41821e-05
86.5	2.41821e-05
86.6	2.41821e-05
86.7	2.41821e-05
86.8	2.41821e-05
86.9	2.41821e-05
87	2.41821e-05
87.1	2.41821e-05
87.2	2.41821e-05
87.3	2.41821e-05
87.4	2.41821e-05
87.5	2.41821e-05
87.6	2.41821e-05
87.7	2.41821e-05
87.8	2.41821e-05
87.9	2.41821e-05
88	2.41821e-05
88.1	2.41821e-05
88.2	2.41821e-05
88.3	2.41821e-05
88.4	2.41821e-05
88.5	2.41821e-05
88.6	2.41821e-05
88.7	2.41821e-05
88.8	2.41821e-05
88.9	2.41821e-05
89	2.41821e-05
89.1	2.41821e-05
89.2	2.41821e-05
89.3	2.41821e-05
89.4	2.41821e-05
89.5	2.41821e-05
89.6	2.41821e-05
89.7	2.41821e-05
89.8	2.41821e-05
89.9	2.41821e-05
90	2.41821e-05
90.1	2.41821e-05
90.2	2.41821e-05
90.3	2.41821e-05
90.4	2.41821e-05
90.5	2.41821e-05
90.6	2.41821e-05
90.7	2.41821e-05
90.8	2.41821e-05
90.9	2.41821e-05
91	2.41821e-05
91.1	2.41821e-05
91.2	2.41821e-05
91.3	2.41821e-05
91.4	2.41821e-05
91.5	2.41821e-05
91.6	2.41821e-05
91.7	2.41821e-05
91.8	2.41821e-05
91.9	2.41821e-05
92	2.41821e-05
92.1	2.41821e-05
92.2	2.41821e-05
92.3	2.41821e-05
92.4	2.41821e-05
92.5	2.41821e-05
92.6	2.41821e-05
92.7	2.41821e-05
92.8	2.41821e-05
92.9	2.41821e-05
93	2.41821e-05
93.1	2.41821e-05
93.2	2.41821e-05
93.3	2.41821e-05
93.4	2.41821e-05
93.5	2.41821e-05
93.6	2.41821e-05
93.7	2.41821e-05
93.8	2.41821e-05
93.9	2.41821e-05
94	2.41821e-05
94.1	2.41821e-05
94.2	2.41821e-05
94.3	2.41821e-05
94.4	2.41821e-05
94.5	2.41821e-05
94.6	2.41821e-05
94.7	2.41821e-05
94.8	2.41821e-05
94.9	2.41821e-05
95	2.41821e-05
95.1	2.41821e-05
95.2	2.41821e-05
95.3	2.41821e-05
95.4	2.41821e-05
95.5	2.41821e-05
95.6	2.41821e-05
95.7	2.41821e-05
95.8	2.41821e-05
95.9	2.41821e-05
96	2.41821e-05
96.1	2.41821e-05
96.2	2.41821e-05
96.3	2.41821e-05
96.4	2.41821e-05
96.5	2.41821e-05
96.6	2.41821e-05
96.7	2.41821e-05
96.8	2.41821e-05
96.9	2.41821e-05
97	2.41821e-05
97.1	2.41821e-05
97.2	2.41821e-05
97.3	2.41821e-05
97.4	2.41821e-05
97.5	2.41821e-05
97.6	2.41821e-05
97.7	2.41821e-05
97.8	2.41821e-05
97.9	2.41821e-05
98	2.41821e-05
98.1	2.41821e-05
98.2	2.41821e-05
98.3	2.41821e-05
98.4	2.41821e-05
98.5	2.41821e-05
98.6	2.41821e-05
98.7	2.41821e-05
98.8	2.41821e-05
98.9	2.41821e-05
99	2.41821e-05
99.1	2.41821e-05
99.2	2.41821e-05
99.3	2.41821e-05
99.4	2.41821e-05
99.5	2.41821e-05
99.6	2.41821e-05
99.7	2.41821e-05
99.8	2.41821e-05
99.9	2.41821e-05
100	2.41821e-05
100.1	2.41821e-05
100.2	2.41821e-05
100.3	2.41821e-05
100.4	2.41821e-05
100.5	2.41821e-05
100.6	2.41821e-05
100.7	2.41821e-05
100.8	2.41821e-05
100.9	2.41821e-05
101	2.41821e-05
101.1	2.41821e-05
101.2	2.41821e-05
101.3	2.41821e-05
101.4	2.41821e-05
101.5	2.41821e-05
101.6	2.41821e-05
101.7	2.41821e-05
101.8	2.41821e-05
101.9	2.41821e-05
102	2.41821e-05
102.1	2.41821e-05
102.2	2.41821e-05
102.3	2.41821e-05
102.4	2.41821e-05
102.5	2.41821e-05
102.6	2.41821e-05
102.7	2.41821e-05
102.8	2.41821e-05
102.9	2.41821e-05
103	2.41821e-05
103.1	2.41821e-05
103.2	2.41821e-05
103.3	2.41821e-05
103.4	2.41821e-05
103.5	2.41821e-05
103.6	2.41821e-05
103.7	2.41821e-05
103.8	2.41821e-05
103.9	2.41821e-05
104	2.41821e-05
104.1	2.41821e-05
104.2	2.41821e-05
104.3	2.41821e-05
104.4	2.41821e-05
104.5	2.41821e-05
104.6	2.41821e-05
104.7	2.41821e-05
104.8	2.41821e-05
104.9	2.41821e-05
105	2.41821e-05
105.1	2.41821e-05
105.2	2.41821e-05
105.3	2.41821e-05
105.4	2.41821e-05
105.5	2.41821e-05
105.6	2.41821e-05
105.7	2.41821e-05
105.8	2.41821e-05
105.9	2.41821e-05
106	2.41821e-05
106.1	2.41821e-05
106.2	2.41821e-05
106.3	2.41821e-05
106.4	2.41821e-05
106.5	2.41821e-05
106.6	2.41821e-05
106.7	2.41821e-05
106.8	2.41821e-05
106.9	2.41821e-05
107	2.41821e-05
107.1	2.41821e-05
107.2	2.41821e-05
107.3	2.41821e-05
107.4	2.41821e-05
107.5	2.41821e-05
107.6	2.41821e-05
107.7	2.41821e-05
107.8	2.41821e-05
107.9	2.41821e-05
108	2.41821e-05
108.1	2.41821e-05
108.2	2.41821e-05
108.3	2.41821e-05
108.4	2.41821e-05
108.5	2.41821e-05
108.6	2.41821e-05
108.7	2.41821e-05
108.8	2.41821e-05
108.9	2.41821e-05
109	2.41821e-05
109.1	2.41821e-05
109.2	2.41821e-05
109.3	2.41821e-05
109.4	2.41821e-05
109.5	2.41821e-05
109.6	2.41821e-05
109.7	2.41821e-05
109.8	2.41821e-05
109.9	2.41821e-05
110	2.41821e-05
110.1	2.41821e-05
110.2	2.41821e-05
110.3	2.41821e-05
110.4	2.41821e-05
110.5	2.41821e-05
110.6	2.41821e-05
110.7	2.41821e-05
110.8	2.41821e-05
110.9	2.41821e-05
111	2.41821e-05
111.1	2.41821e-05
111.2	2.41821e-05
111.3	2.41821e-05
111.4	2.41821e-05
111.5	2.41821e-05
111.6	2.41821e-05
111.7	2.41821e-05
111.8	2.41821e-05
111.9	2.41821e-05
112	2.41821e-05
112.1	2.41821e-05
112.2	2.41821e-05
112.3	2.41821e-05
112.4	2.41821e-05
112.5	2.41821e-05
112.6	2.41821e-05
112.7	2.41821e-05
112.8	2.41821e-05
112.9	2.41821e-05
113	2.41821e-05
113.1	2.41821e-05
113.2	2.41821e-05
113.3	2.41821e-05
113.4	2.41821e-05
113.5	2.41821e-05
113.6	2.41821e-05
113.7	2.41821e-05
113.8	2.41821e-05
113.9	2.41821e-05
114	2.41821e-05
114.1	2.41821e-05
114.2	2.41821e-05
114.3	2.41821e-05
114.4	2.41821e-05
114.5	2.41821e-05
114.6	2.41821e-05
114.7	2.41821e-05
114.8	2.41821e-05
114.9	2.41821e-05
115	2.41821e-05
115.1	2.41821e-05
115.2	2.41821e-05
115.3	2.41821e-05
115.4	2.41821e-05
115.5	2.41821e-05
115.6	2.41821e-05
115.7	2.41821e-05
115.8	2.41821e-05
115.9	2.41821e-05
116	2.41821e-05
116.1	2.41821e-05
116.2	2.41821e-05
116.3	2.41821e-05
116.4	2.41821e-05
116.5	2.41821e-05
116.6	2.41821e-05
116.7	2.41821e-05
116.8	2.41821e-05
116.9	2.41821e-05
117	2.41821e-05
117.1	2.41821e-05
117.2	2.41821e-05
117.3	2.41821e-05
117.4	2.41821e-05
117.5	2.41821e-05
117.6	2.41821e-05
117.7	2.41821e-05
117.8	2.41821e-05
117.9	2.41821e-05
118	2.41821e-05
118.1	2.41821e-05
118.2	2.41821e-05
118.3	2.41821e-05
118.4	2.41821e-05
118.5	2.41821e-05
118.6	2.41821e-05
118.7	2.41821e-05
118.8	2.41821e-05
118.9	2.41821e-05
119	2.41821e-05
119.1	2.41821e-05
119.2	2.41821e-05
119.3	2.41821e-05
119.4	2.41821e-05
119.5	2.41821e-05
119.6	2.41821e-05
119.7	2.41821e-05
119.8	2.41821e-05
119.9	2.41821e-05
120	2.41821e-05
120.1	2.41821e-05
120.2	2.41821e-05
120.3	2.41821e-05
120.4	2.41821e-05
120.5	2.41821e-05
120.6	2.41821e-05
120.7	2.41821e-05
120.8	2.41821e-05
120.9	2.41821e-05
121	2.41821e-05
121.1	2.41821e-05
121.2	2.41821e-05
121.3	2.41821e-05
121.4	2.41821e-05
121.5	2.41821e-05
121.6	2.41821e-05
121.7	2.41821e-05
121.8	2.41821e-05
121.9	2.41821e-05
122	2.41821e-05
122.1	2.41821e-05
122.2	2.41821e-05
122.3	2.41821e-05
122.4	2.41821e-05
122.5	2.41821e-05
122.6	2.41821e-05
122.7	2.41821e-05
122.8	2.41821e-05
122.9	2.41821e-05
123	2.41821e-05
123.1	2.41821e-05
123.2	2.41821e-05
123.3	2.41821e-05
123.4	2.41821e-05
123.5	2.41821e-05
123.6	2.41821e-05
123.7	2.41821e-05
123.8	2.41821e-05
123.9	2.41821e-05
124	2.41821e-05
124.1	2.41821e-05
124.2	2.41821e-05
124.3	2.41821e-05
124.4	2.41821e-05
124.5	2.41821e-05
124.6	2.41821e-05
124.7	2.41821e-05
124.8	2.41821e-05
124.9	2.41821e-05
125	2.41821e-05
125.1	2.41821e-05
125.2	2.41821e-05
125.3	2.41821e-05
125.4	2.41821e-05
125.5	2.41821e-05
125.6	2.41821e-05
125.7	2.41821e-05
125.8	2.41821e-05
125.9	2.41821e-05
126	2.41821e-05
126.1	2.41821e-05
126.2	2.41821e-05
126.3	2.41821e-05
126.4	2.41821e-05
126.5	2.41821e-05
126.6	2.41821e-05
126.7	2.41821e-05
126.8	2.41821e-05
126.9	2.41821e-05
127	2.41821e-05
127.1	2.41821e-05
127.2	2.41821e-05
127.3	2.41821e-05
127.4	2.41821e-05
127.5	2.41821e-05
127.6	2.41821e-05
127.7	2.41821e-05
127.8	2.41821e-05
127.9	2.41821e-05
128	2.41821e-05
128.1	2.41821e-05
128.2	2.41821e-05
128.3	2.41821e-05
128.4	2.41821e-05
128.5	2.41821e-05
128.6	2.41821e-05
128.7	2.41821e-05
128.8	2.41821e-05
128.9	2.41821e-05
129	2.41821e-05
129.1	2.41821e-05
129.2	2.41821e-05
129.3	2.41821e-05
129.4	2.41821e-05
129.5	2.41821e-05
129.6	2.41821e-05
129.7	2.41821e-05
129.8	2.41821e-05
129.9	2.41821e-05
130	2.41821e-05
130.1	2.41821e-05
130.2	2.41821e-05
130.3	2.41821e-05
130.4	2.41821e-05
130.5	2.41821e-05
130.6	2.41821e-05
130.7	2.41821e-05
130.8	2.41821e-05
130.9	2.41821e-05
131	2.41821e-05
131.1	2.41821e-05
131.2	2.41821e-05
131.3	2.41821e-05
131.4	2.41821e-05
131.5	2.41821e-05
131.6	2.41821e-05
131.7	2.41821e-05
131.8	2.41821e-05
131.9	2.41821e-05
132	2.41821e-05
132.1	2.41821e-05
132.2	2.41821e-05
132.3	2.41821e-05
132.4	2.41821e-05
132.5	2.41821e-05
132.6	2.41821e-05
132.7	2.41821e-05
132.8	2.41821e-05
132.9	2.41821e-05
133	2.41821e-05
133.1	2.41821e-05
133.2	2.41821e-05
133.3	2.41821e-05
133.4	2.41821e-05
133.5	2.41821e-05
133.6	2.41821e-05
133.7	2.41821e-05
133.8	2.41821e-05
133.9	2.41821e-05
134	2.41821e-05
134.1	2.41821e-05
134.2	2.41821e-05
134.3	2.41821e-05
134.4	2.41821e-05
134.5	2.41821e-05
134.6	2.41821e-05
134.7	2.41821e-05
134.8	2.41821e-05
134.9	2.41821e-05
135	2.41821e-05
135.1	2.41821e-05
135.2	2.41821e-05
135.3	2.41821e-05
135.4	2.41821e-05
135.5	2.41821e-05
135.6	2.41821e-05
135.7	2.41821e-05
135.8	2.41821e-05
135.9	2.41821e-05
136	2.41821e-05
136.1	2.41821e-05
136.2	2.41821e-05
136.3	2.41821e-05
136.4	2.41821e-05
136.5	2.41821e-05
136.6	2.41821e-05
136.7	2.41821e-05
136.8	2.41821e-05
136.9	2.41821e-05
137	2.41821e-05
137.1	2.41821e-05
137.2	2.41821e-05
137.3	2.41821e-05
137.4	2.41821e-05
137.5	2.41821e-05
137.6	2.41821e-05
137.7	2.41821e-05
137.8	2.41821e-05
137.9	2.41821e-05
138	2.41821e-05
138.1	2.41821e-05
138.2	2.41821e-05
138.3	2.41821e-05
138.4	2.41821e-05
138.5	2.41821e-05
138.6	2.41821e-05
138.7	2.41821e-05
138.8	2.41821e-05
138.9	2.41821e-05
139	2.41821e-05
139.1	2.41821e-05
139.2	2.41821e-05
139.3	2.41821e-05
139.4	2.41821e-05
139.5	2.41821e-05
139.6	2.41821e-05
139.7	2.41821e-05
139.8	2.41821e-05
139.9	2.41821e-05
140	2.41821e-05
140.1	2.41821e-05
140.2	2.41821e-05
140.3	2.41821e-05
140.4	2.41821e-05
140.5	2.41821e-05
140.6	2.41821e-05
140.7	2.41821e-05
140.8	2.41821e-05
140.9	2.41821e-05
141	2.41821e-05
141.1	2.41821e-05
141.2	2.41821e-05
141.3	2.41821e-05
141.4	2.41821e-05
141.5	2.41821e-05
141.6	2.41821e-05
141.7	2.41821e-05
141.8	2.41821e-05
141.9	2.41821e-05
142	2.41821e-05
142.1	2.41821e-05
142.2	2.41821e-05
142.3	2.41821e-05
142.4	2.41821e-05
142.5	2.41821e-05
142.6	2.41821e-05
142.7	2.41821e-05
142.8	2.41821e-05
142.9	2.41821e-05
143	2.41821e-05
143.1	2.41821e-05
143.2	2.41821e-05
143.3	2.41821e-05
143.4	2.41821e-05
143.5	2.41821e-05
143.6	2.41821e-05
143.7	2.41821e-05
143.8	2.41821e-05
143.9	2.41821e-05
144	2.41821e-05
144.1	2.41821e-05
144.2	2.41821e-05
144.3	2.41821e-05
144.4	2.41821e-05
144.5	2.41821e-05
144.6	2.41821e-05
144.7	2.41821e-05
144.8	2.41821e-05
144.9	2.41821e-05
145	2.41821e-05
145.1	2.41821e-05
145.2	2.41821e-05
145.3	2.41821e-05
145.4	2.41821e-05
145.5	2.41821e-05
145.6	2.41821e-05
145.7	2.41821e-05
145.8	2.41821e-05
145.9	2.41821e-05
146	2.41821e-05
146.1	2.41821e-05
146.2	2.41821e-05
146.3	2.41821e-05
146.4	2.41821e-05
146.5	2.41821e-05
146.6	2.41821e-05
146.7	2.41821e-05
146.8	2.41821e-05
146.9	2.41821e-05
147	2.41821e-05
147.1	2.41821e-05
147.2	2.41821e-05
147.3	2.41821e-05
147.4	2.41821e-05
147.5	2.41821e-05
147.6	2.41821e-05
147.7	2.41821e-05
147.8	2.41821e-05
147.9	2.41821e-05
148	2.41821e-05
148.1	2.41821e-05
148.2	2.41821e-05
148.3	2.41821e-05
148.4	2.41821e-05
148.5	2.41821e-05
148.6	2.41821e-05
148.7	2.41821e-05
148.8	2.41821e-05
148.9	2.41821e-05
149	2.41821e-05
149.1	2.41821e-05
149.2	2.41821e-05
149.3	2.41821e-05
149.4	2.41821e-05
149.5	2.41821e-05
149.6	2.41821e-05
149.7	2.41821e-05
149.8	2.41821e-05
149.9	2.41821e-05
150	2.41821e-05
150.1	2.41821e-05
150.2	2.41821e-05
150.3	2.41821e-05
150.4	2.41821e-05
150.5	2.41821e-05
150.6	2.41821e-05
150.7	2.41821e-05
150.8	2.41821e-05
150.9	2.41821e-05
151	2.41821e-05
151.1	2.41821e-05
151.2	2.41821e-05
151.3	2.41821e-05
151.4	2.41821e-05
151.5	2.41821e-05
151.6	2.41821e-05
151.7	2.41821e-05
151.8	2.41821e-05
151.9	2.41821e-05
152	2.41821e-05
152.1	2.41821e-05
152.2	2.41821e-05
152.3	2.41821e-05
152.4	2.41821e-05
152.5	2.41821e-05
152.6	2.41821e-05
152.7	2.41821e-05
152.8	2.41821e-05
152.9	2.41821e-05
153	2.41821e-05
153.1	2.41821e-05
153.2	2.41821e-05
153.3	2.41821e-05
153.4	2.41821e-05
153.5	2.41821e-05
153.6	2.41821e-05
153.7	2.41821e-05
153.8	2.41821e-05
153.9	2.41821e-05
154	2.41821e-05
154.1	2.41821e-05
154.2	2.41821e-05
154.3	2.41821e-05
154.4	2.41821e-05
154.5	2.41821e-05
154.6	2.41821e-05
154.7	2.41821e-05
154.8	2.41821e-05
154.9	2.41821e-05
155	2.41821e-05
155.1	2.41821e-05
155.2	2.41821e-05
155.3	2.41821e-05
155.4	2.41821e-05
155.5	2.41821e-05
155.6	2.41821e-05
155.7	2.41821e-05
155.8	2.41821e-05
155.9	2.41821e-05
156	2.41821e-05
156.1	2.41821e-05
156.2	2.41821e-05
156.3	2.41821e-05
156.4	2.41821e-05
156.5	2.41821e-05
156.6	2.41821e-05
156.7	2.41821e-05
156.8	2.41821e-05
156.9	2.41821e-05
157	2.41821e-05
157.1	2.41821e-05
157.2	2.41821e-05
157.3	2.41821e-05
157.4	2.41821e-05
157.5	2.41821e-05
157.6	2.41821e-05
157.7	2.41821e-05
157.8	2.41821e-05
157.9	2.41821e-05
158	2.41821e-05
158.1	2.41821e-05
158.2	2.41821e-05
158.3	2.41821e-05
158.4	2.41821e-05
158.5	2.41821e-05
158.6	2.41821e-05
158.7	2.41821e-05
158.8	2.41821e-05
158.9	2.41821e-05
159	2.41821e-05
159.1	2.41821e-05
159.2	2.41821e-05
159.3	2.41821e-05
159.4	2.41821e-05
159.5	3.85454e-05
159.6	0.000439411
159.7	0.0021267
159.8	0.0050234
159.9	0.00822105
160	0.0114339
160.1	0.0146294
160.2	0.0177763
160.3	0.0208782
160.4	0.0239508
160.5	0.0270005
160.6	0.0300323
160.7	0.0330486
160.8	0.036055
160.9	0.0390604
161	0.0420638
161.1	0.0450677
161.2	0.0480713
161.3	0.0510799
161.4	0.0541017
161.5	0.0571368
161.6	0.0601767
161.7	0.0632178
161.8	0.0662626
161.9	0.069321
162	0.0723928
162.1	0.0754702
162.2	0.0785607
162.3	0.0816639
162.4	0.0847709
162.5	0.0878929
162.6	0.0910398
162.7	0.0942011
162.8	0.0973636
162.9	0.10054
163	0.103739
163.1	0.106951
163.2	0.110162
163.3	0.113384
163.4	0.116631
163.5	0.119905
163.6	0.123202
163.7	0.12651
163.8	0.129812
163.9	0.133124
164	0.136458
164.1	0.139816
164.2	0.143194
164.3	0.14658
164.4	0.149959
164.5	0.153345
164.6	0.15675
164.7	0.160176
164.8	0.163623
164.9	0.167088
165	0.170559
165.1	0.174019
165.2	0.177484
165.3	0.180966
165.4	0.184467
165.5	0.187986
165.6	0.191522
165.7	0.195071
165.8	0.198628
165.9	0.202193
166	0.205752
166.1	0.209314
166.2	0.212889
166.3	0.21648
166.4	0.220086
166.5	0.223707
166.6	0.227342
166.7	0.23099
166.8	0.23465
166.9	0.238323
167	0.242011
167.1	0.24571
167.2	0.249409
167.3	0.253096
167.4	0.256784
167.5	0.260483
167.6	0.264193
167.7	0.267914
167.8	0.271647
167.9	0.27539
168	0.279144
168.1	0.282908
168.2	0.286682
168.3	0.290465
168.4	0.294258
168.5	0.29806
168.6	0.30187
168.7	0.305688
168.8	0.309515
168.9	0.31335
169	0.317192
169.1	0.321041
169.2	0.324897
169.3	0.32876
169.4	0.33263
169.5	0.336512
169.6	0.340519
169.7	0.343714
169.8	0.343489
169.9	0.340587
170	0.336632
170.1	0.332742
170.2	0.329049
170.3	0.325499
170.4	0.322085
170.5	0.318727
170.6	0.315417
170.7	0.312156
170.8	0.308941
170.9	0.305756
171	0.302582
171.1	0.299425
171.2	0.296414
171.3	0.293498
171.4	0.290114
171.5	0.286793
171.6	0.283587
171.7	0.280381
171.8	0.27718
171.9	0.273978
172	0.270749
172.1	0.267497
172.2	0.264237
172.3	0.260953
172.4	0.257645
172.5	0.254337
172.6	0.251004
172.7	0.24763
172.8	0.244233
172.9	0.24084
173	0.237421
173.1	0.233953
173.2	0.23046
173.3	0.226977
173.4	0.223472
173.5	0.219914
173.6	0.2163
173.7	0.212635
173.8	0.208952
173.9	0.205286
174	0.201604
174.1	0.197876
174.2	0.194098
174.3	0.190276
174.4	0.186441
174.5	0.18263
174.6	0.178809
174.7	0.174947
174.8	0.171042
174.9	0.167093
175	0.163108
175.1	0.159122
175.2	0.155172
175.3	0.151223
175.4	0.14724
175.5	0.143219
175.6	0.139161
175.7	0.135068
175.8	0.130941
175.9	0.126784
176	0.122622
176.1	0.118484
176.2	0.114356
176.3	0.110209
176.4	0.106036
176.5	0.101842
176.6	0.0976236
176.7	0.0933776
176.8	0.0891101
176.9	0.0848127
177	0.080493
177.1	0.0761483
177.2	0.0715865
177.3	0.0666936
177.4	0.0621741
177.5	0.0578759
177.6	0.053573
177.7	0.0492569
177.8	0.0449319
177.9	0.0405971
178	0.0362509
178.1	0.0319087
178.2	0.0275769
178.3	0.0232731
178.4	0.0190227
178.5	0.0148851
178.6	0.0110366
178.7	0.00799064
178.8	0.00671067
178.9	0.00787035
179	0.010884
179.1	0.0147419
179.2	0.0189325
179.3	0.023275
179.4	0.027669
179.5	0.0321054
179.6	0.036609
179.7	0.0399008
179.8	0.0395957
179.9	0.0372446
180	0.0336774
180.1	0.0313027
180.2	0.0297919
180.3	0.0284115
180.4	0.0271081
180.5	0.0258482
180.6	0.0246276
180.7	0.023472
180.8	0.0230055
180.9	0.0236432
181	0.0232419
181.1	0.0221195
181.2	0.0209533
181.3	0.0197576
181.4	0.0179216
181.5	0.0150911
181.6	0.0133123
181.7	0.0122069
181.8	0.0111363
181.9	0.010095
182	0.00910491
182.1	0.00819998
182.2	0.00741083
182.3	0.00679274
182.4	0.00642376
182.5	0.00636341
182.6	0.00661353
182.7	0.00715472
182.8	0.00792823
182.9	0.00889932
183	0.0100392
183.1	0.0112982
183.2	0.0126437
183.3	0.0140777
183.4	0.0156097
183.5	0.0172218
183.6	0.0189045
183.7	0.0206336
183.8	0.0223637
183.9	0.0241105
184	0.025943
184.1	0.0278593
184.2	0.0298444
184.3	0.0318589
184.4	0.0338737
184.5	0.0359207
184.6	0.0380254
184.7	0.0401757
184.8	0.0421599
184.9	0.0438533
185	0.0459097
185.1	0.048179
185.2	0.0504773
185.3	0.0528142
185.4	0.0552031
185.5	0.0576408
185.6	0.0601323
185.7	0.0626688
185.8	0.0652369
185.9	0.0678439
186	0.070465
186.1	0.0731169
186.2	0.075816
186.3	0.0785642
186.4	0.0813759
186.5	0.0842393
186.6	0.0871208
186.7	0.0900458
186.8	0.0930208
186.9	0.0960566
187	0.0991492
187.1	0.102301
187.2	0.105692
187.3	0.109406
187.4	0.112824
187.5	0.116044
187.6	0.119284
187.7	0.122587
187.8	0.125941
187.9	0.129359
188	0.132804
188.1	0.136278
188.2	0.139802
188.3	0.143338
188.4	0.146882
188.5	0.150091
188.6	0.152724
188.7	0.156033
188.8	0.159733
188.9	0.163452
189	0.167222
189.1	0.171017
189.2	0.174862
189.3	0.178712
189.4	0.182589
189.5	0.186482
189.6	0.190787
189.7	0.195339
189.8	0.19836
189.9	0.200853
190	0.202675
190.1	0.204661
190.2	0.206771
190.3	0.208702
190.4	0.211017
190.5	0.213577
190.6	0.216192
190.7	0.218858
190.8	0.221582
190.9	0.224355
191	0.22716
191.1	0.230008
191.2	0.233068
191.3	0.236272
191.4	0.238926
191.5	0.241708
191.6	0.244671
191.7	0.247682
191.8	0.250755
191.9	0.253814
192	0.256852
192.1	0.259891
192.2	0.262976
192.3	0.26603
192.4	0.269119
192.5	0.272238
192.6	0.275381
192.7	0.278571
192.8	0.28174
192.9	0.284884
193	0.288026
193.1	0.291154
193.2	0.294253
193.3	0.297347
193.4	0.300422
193.5	0.30347
193.6	0.306564
193.7	0.309675
193.8	0.312719
193.9	0.315714
194	0.318681
194.1	0.321614
194.2	0.324503
194.3	0.327375
194.4	0.33026
194.5	0.333505
194.6	0.337441
194.7	0.340662
194.8	0.343403
194.9	0.346079
195	0.348708
195.1	0.351292
195.2	0.35383
195.3	0.356301
195.4	0.358692
195.5	0.36102
195.6	0.363298
195.7	0.365495
195.8	0.36762
195.9	0.369664
196	0.371609
196.1	0.373466
196.2	0.375243
196.3	0.37693
196.4	0.378529
196.5	0.380044
196.6	0.381495
196.7	0.382857
196.8	0.384052
196.9	0.385213
197	0.386255
197.1	0.387142
197.2	0.387937
197.3	0.388776
197.4	0.389481
197.5	0.390025
197.6	0.390417
197.7	0.390695
197.8	0.390868
197.9	0.390914
198	0.390858
198.1	0.390726
198.2	0.390511
198.3	0.390159
198.4	0.38938
198.5	0.389004
198.6	0.390923
198.7	0.391357
198.8	0.390632
198.9	0.389802
199	0.388855
199.1	0.387792
199.2	0.386637
199.3	0.385421
199.4	0.384148
199.5	0.382852
199.6	0.381562
199.7	0.380239
199.8	0.378674
199.9	0.376875
200	0.374873
200.1	0.372957
200.2	0.371096
200.3	0.369109
200.4	0.367021
200.5	0.364908
200.6	0.362779
200.7	0.360625
200.8	0.358495
200.9	0.35643
201	0.354171
201.1	0.351818
201.2	0.349409
201.3	0.346971
201.4	0.344395
201.5	0.34164
201.6	0.339032
201.7	0.336487
201.8	0.333971
201.9	0.331443
202	0.328886
202.1	0.32631
202.2	0.323728
202.3	0.32112
202.4	0.318451
202.5	0.315716
202.6	0.312987
202.7	0.310254
202.8	0.307517
202.9	0.304792
203	0.302072
203.1	0.299359
203.2	0.296625
203.3	0.293861
203.4	0.291055
203.5	0.288253
203.6	0.285457
203.7	0.282666
203.8	0.279904
203.9	0.277153
204	0.274392
204.1	0.271616
204.2	0.268832
204.3	0.266083
204.4	0.263335
204.5	0.260555
204.6	0.257757
204.7	0.254995
204.8	0.252261
204.9	0.249465
205	0.24677
205.1	0.244078
205.2	0.241371
205.3	0.238683
205.4	0.236032
205.5	0.233437
205.6	0.230871
205.7	0.22832
205.8	0.225799
205.9	0.223333
206	0.220928
206.1	0.21857
206.2	0.216239
206.3	0.213928
206.4	0.21166
206.5	0.209436
206.6	0.207237
206.7	0.205092
206.8	0.203021
206.9	0.201016
207	0.199057
207.1	0.197131
207.2	0.195206
207.3	0.193258
207.4	0.191035
207.5	0.188363
207.6	0.186417
207.7	0.184924
207.8	0.183502
207.9	0.182133
208	0.180801
208.1	0.179513
208.2	0.17828
208.3	0.177128
208.4	0.176881
208.5	0.17756
208.6	0.176025
208.7	0.17453
208.8	0.1736
208.9	0.172746
209	0.171957
